height(m)   Overlap
101.1643798828125, 0.0048019650634995095
108.6358413696289, 0.006987049909140844
116.10730438232422, 0.01001796256750501
123.57876434326172, 0.013988860579110873
131.05022277832032, 0.018959047261354132
138.5216827392578, 0.024902173655025128
145.9931427001953, 0.031964827763864515
153.4646026611328, 0.04003379440868597
160.93606262207032, 0.04908755517485112
168.40752563476562, 0.059034492409452
175.8789855957031, 0.07005073115896164
183.35044555664064, 0.08198452568344661
190.82190551757813, 0.09458224055898543
198.29336547851562, 0.10785246128752986
205.76482543945312, 0.12192725583363369
213.23628845214844, 0.13614688671502545
220.70774841308594, 0.15084314680986372
228.17920837402343, 0.16580164522391105
235.65066833496093, 0.18154025405432692
243.12213134765625, 0.19691377331284887
250.59358825683594, 0.21239025312652343
258.06504821777344, 0.22837534293848102
265.53650817871096, 0.24434546446708522
273.0079711914062, 0.2591313944629043
280.47943115234375, 0.2748378748949134
287.9508911132813, 0.2912746507549078
295.42235107421874, 0.3072475503338137
302.89381103515626, 0.32356979256685403
310.3652709960937, 0.3408581997586152
317.83673095703125, 0.35821274398467934
325.3081970214844, 0.3758244762194788
332.7796569824219, 0.39284205727039356
340.25111694335936, 0.4100209100282183
347.7225769042969, 0.42897959062850805
355.19403686523435, 0.4473244968743543
362.6654968261719, 0.4669611552332582
370.1369567871094, 0.4863847449231553
377.60841674804686, 0.5054316033650619
385.0798767089844, 0.5232779749302925
392.55133666992185, 0.5432227241714266
400.0227966308594, 0.5622522390809378
407.4942565917969, 0.580776011423627
414.96571655273436, 0.6010743057038059
422.4371765136719, 0.6223619444267356
429.90863647460935, 0.6443131169865896
437.3800964355469, 0.6631931029871397
444.8515625, 0.6831753775666243
452.3230224609375, 0.7037615403693891
459.794482421875, 0.7185753172407454
467.2659423828125, 0.7311558363374375
474.73740234375, 0.7447302592965521
482.2088623046875, 0.7622606776457916
489.680322265625, 0.7765715718462879
497.15178833007815, 0.7929734699232496
504.6232482910156, 0.8087458557327899
512.0947021484375, 0.824896983653599
519.566162109375, 0.8366148617957153
527.0376220703125, 0.8468456596079521
534.50908203125, 0.8567316445974168
541.9805419921875, 0.8631773074353065
549.452001953125, 0.8724123560852297
556.9234619140625, 0.8848091541153467
564.3949340820312, 0.8939677968495158
571.8663940429688, 0.9002202590105861
579.3378540039063, 0.9125744063657274
586.809326171875, 0.9190730112513178
594.2807861328125, 0.9206161573861206
601.7522338867187, 0.9301531766227182
609.2236938476562, 0.9420932566452487
616.6951538085938, 0.9476030581561814
624.1666137695313, 0.9575654290748326
631.6380737304687, 0.9563735846689327
639.1095336914062, 0.958065866581226
646.5809936523438, 0.9576417788631426
654.0524536132813, 0.9579269596429849
661.5239135742188, 0.9574946417535823
668.9953735351562, 0.9679995875518574
676.4668334960937, 0.974138496338365
683.9382934570312, 0.9791500219115061
691.4097534179688, 0.9858131683254726
698.8812133789063, 0.9872223888341027
706.3526733398437, 0.9838832976059171
713.8241333007812, 0.9764832017722703
721.2955932617188, 0.9790400604203816
728.7670532226563, 0.9779360520321309
736.2385131835938, 0.9768276796705493
743.7099731445312, 0.9867476405908086
751.1814331054687, 0.9907285724754628
758.6528930664062, 0.9897922358276263
766.1243530273438, 0.9913632322588162
773.5958129882813, 0.9932915817383237
781.0672729492187, 0.9942773766033927
788.5387451171875, 0.9978688197325118
796.010205078125, 0.9990260359764379
803.4816650390625, 1.0044631245715245
810.953125, 0.9979194950156491
818.4245849609375, 0.9883774856010993
825.896044921875, 0.9891732156218283
833.3675048828125, 0.9863644271387679
840.83896484375, 0.9809249084775326
848.3104248046875, 0.9930779049156833
855.781884765625, 1.001567278798007
863.2533447265625, 1.0067610937744305
870.7248046875, 1.007425081724248
878.1962646484375, 1.0130215818369206
885.667724609375, 1.0013276357817325
893.1391845703125, 1.004540793405433
900.61064453125, 0.9980610303242718
908.0821044921875, 0.9997613135995558
915.553564453125, 0.9948741297224686
923.0250244140625, 0.9990196014883408
930.496484375, 0.9955784781874388
937.9679443359375, 0.9909244098773176
945.439404296875, 0.9930026976354049
952.9108642578125, 0.9888564530303057
960.38232421875, 0.999022322406639
967.8537841796875, 0.9944476707301219
975.325244140625, 0.9947727249189136
982.7967041015625, 0.9961518516289021
990.2681640625, 0.9897024679095294
997.7396240234375, 0.9806824379821911
1005.211083984375, 0.9818350207312451
1012.6825439453125, 0.9879165969122266
1020.15400390625, 0.9867477763206576
1027.6254638671876, 0.9957060051349185
1035.0969116210938, 0.9944054518219616
1042.568359375, 0.9980185849879641
1050.0398193359374, 0.9935391406981843
1057.511279296875, 0.9997833903746688
1064.982763671875, 1.0036883911001127
1072.454248046875, 1.0105209489509939
1079.925732421875, 1.009345222675635
1087.3971923828126, 1.006965875543576
1094.86865234375, 0.9934001972137867
1102.340087890625, 0.9948609094743064
1109.8115478515624, 0.9905068428774934
1117.2830078125, 0.9996175605512004
1124.7544677734375, 1.0008284166393007
1132.225927734375, 1.0114411492976567
1139.6973876953125, 1.007379185192287
1147.16884765625, 1.016003720256799
1154.6403076171875, 1.0210653054383947
1162.111767578125, 1.0270092362390368
1169.5832275390626, 1.0238147019605794
1177.0546875, 1.0380276718397101
1184.5261474609374, 1.0307588153762608
1191.997607421875, 1.0152937289009436
1199.4690673828125, 1.0129411120697118
1206.94052734375, 1.0258583271658182
1214.4119873046875, 1.0115917297793766
1221.883447265625, 1.019848724737192
1229.3549072265625, 1.0187521635720764
1236.8263671875, 1.0115137809666572
1244.2978271484376, 1.01155654686278
1251.769287109375, 1.0053731131979409
1259.2407470703124, 0.9962838195828418
1266.71220703125, 0.9926468058694702
1274.1836669921875, 1.004934631511974
1281.655126953125, 0.986513203637401
1289.1265869140625, 0.9807480133122051
1296.598046875, 0.9848206753844387
1304.0695068359375, 0.9876238637114516
1311.540966796875, 0.9910616089526867
1319.0124267578126, 1.0057616528082716
1326.48388671875, 1.0217931772591122
1333.9553466796874, 1.0260307164483915
1341.426806640625, 1.0377323434061683
1348.8982666015625, 1.0255366053866894
1356.3697265625, 1.0065058329628997
1363.8411865234375, 0.9914823896186012
1371.312646484375, 0.9880357498973226
1378.7841064453125, 0.996373049261495
1386.25556640625, 1.0104173790684967
1393.7270263671876, 1.034488736846828
1401.198486328125, 1.0443539708933915
1408.6699462890624, 1.0304128809226902
1416.14140625, 1.0136830870689564
1423.6128662109375, 1.0049640596281002
1431.084326171875, 0.9765109965354896
1438.5557861328125, 1.0042176760536186
1446.02724609375, 1.0047105644410785
1453.4987060546875, 1.0079240573908392
1460.970166015625, 1.007803524639349
1468.4416259765626, 1.026680885245381
1475.9130859375, 1.023198675358708
1483.3845458984374, 1.0347189336068103
1490.856005859375, 1.0502410409242926
1498.3274658203125, 1.0525837198932824
1505.79892578125, 1.0392753974939084
1513.27041015625, 1.0147527696207788
1520.7418701171875, 1.0136100514843593
1528.213330078125, 0.9924089118556683
1535.6847900390626, 0.9956770209929842
1543.15625, 1.0067777281168837
1550.6277099609374, 1.0058811381763597
1558.099169921875, 1.0190399765706788
1565.5706298828125, 1.0175367061212663
1573.04208984375, 0.998673188895961
1580.5135498046875, 0.987159759134842
1587.985009765625, 1.0043911221999982
1595.4564697265625, 1.0099289330546832
1602.9279296875, 1.0263973414763945
1610.3993896484376, 1.0398398576236452
1617.870849609375, 1.0301250764255996
1625.3423095703124, 1.0237701855899837
1632.81376953125, 1.010420821505369
1640.2852294921875, 1.0034255545641144
1647.756689453125, 0.9964375279421329
1655.2281494140625, 1.0214976512685225
1662.699609375, 1.0078871109152627
1670.1710693359375, 0.9919909457077063
1677.642529296875, 0.9761054944872708
1685.1139892578126, 0.9685686505621375
1692.58544921875, 0.9601905307701394
1700.0569091796874, 0.9584420224272284
1707.528369140625, 0.9671454654328235
1714.9998291015625, 0.9753735808298091
1722.4712890625, 0.9633546696767123
1729.9427490234375, 0.9757089425589722
1737.414208984375, 1.0120989686295767
1744.8856689453125, 1.027040619105675
1752.35712890625, 1.028631906223517
1759.8285888671876, 1.0640279177681744
1767.300048828125, 1.0623503444795368
1774.7715087890624, 1.0311989804349966
1782.24296875, 1.004764215515887
1789.7144287109375, 1.041646508850997
1797.185888671875, 1.019432883455257
1804.6573486328125, 0.993814713061807
1812.12880859375, 1.0022713165669501
1819.6002685546875, 1.0285351060958945
1827.071728515625, 1.0202974752656953
1834.5431884765626, 1.03939757225695
1842.0146484375, 1.0620107559665493
1849.4861083984374, 1.028843839764794
1856.957568359375, 1.0079650812973715
1864.4290283203125, 0.9677116854852705
1871.90048828125, 0.9613467057340085
1879.3719482421875, 0.9664436518670495
1886.843408203125, 1.0196746291595828
1894.3148681640625, 1.0435658137291903
1901.786328125, 1.0441445891347043
1909.2577880859376, 1.0271250991408032
1916.729248046875, 1.024446028112145
1924.2007080078124, 0.9734997003865018
1931.67216796875, 0.9559846728999813
1939.1436279296875, 1.0020407103015279
1946.615087890625, 1.0136420964272184
1954.086572265625, 1.0049526874245422
1961.5580322265625, 1.067345007848189
1969.0294921875, 1.0597256782153235
1976.5009521484376, 1.003714342612073
1983.972412109375, 0.9737489647442491
1991.4438720703124, 0.9986006050091865
1998.91533203125, 0.9797513370805199
2006.3867919921875, 0.9736035071004487
2013.858251953125, 1.0435922730309148
2021.3297119140625, 1.0543657816285195
2028.801171875, 1.0409676563238535
2036.2726318359375, 0.9935399681378954
2043.744091796875, 1.0227602736738544
2051.2155517578126, 0.9707705813783972
2058.68701171875, 0.9965731181057688
2066.15849609375, 0.9897535170684648
2073.629931640625, 1.0436420439676355
2081.101416015625, 1.0159289680568244
2088.5728515625, 1.0058985615922031
2096.0443359375, 1.0018460313285875
2103.515771484375, 1.0215377423980356
2110.987255859375, 0.9963209015393166
2118.45869140625, 1.030128489942143
2125.93017578125, 1.0170729774372433
2133.401611328125, 0.9996779628295116
2140.873046875, 1.0450428257240059
2148.344482421875, 1.0605537726165
2155.815966796875, 1.086478449469734
2163.287451171875, 1.1084165895248315
2170.758935546875, 1.1327078795854266
2178.230419921875, 1.064483562832868
2185.701904296875, 1.0350900847681346
2193.17333984375, 0.9759269036738294
2200.644775390625, 1.021513839810995
2208.1162109375, 1.0196934811391667
2215.587646484375, 1.0484863076658109
2223.05908203125, 1.040699611626303
2230.53056640625, 1.089627586884705
2238.00205078125, 1.0493125802488277
2245.47353515625, 1.069883834359132
2252.94501953125, 1.0256008185072276
2260.41650390625, 1.0804097599476652
2267.887939453125, 1.0688593758188165
2275.359375, 1.1363043759051876
2282.830810546875, 1.116510100678749
2290.30224609375, 1.120810232567902
2297.773681640625, 1.112204684373948
2305.245166015625, 1.0805055763974973
2312.716650390625, 0.9860238440454439
2320.188134765625, 0.9984056247710587
2327.659619140625, 1.0138813557081334
2335.131103515625, 1.0050270653816709
2342.6025390625, 0.9914160137013474
2350.073974609375, 0.9884374269328541
2357.54541015625, 1.0393934021502944
2365.016845703125, 1.0702954439209265
2372.48828125, 1.051186473866363
2379.959765625, 1.0939417123695057
2387.43125, 1.1705496373182744
2394.902734375, 1.0645957927202012
2402.37421875, 1.0607163232615633
2409.845703125, 1.0751238508489056
2417.317138671875, 1.1331990336481734
2424.78857421875, 1.093804992985208
2432.260009765625, 1.163157515852823
2439.7314453125, 1.0923330572953707
2447.202880859375, 1.1561551962303516
2454.674365234375, 1.0767049963613444
2462.145849609375, 1.165090443330031
2469.617333984375, 1.1339649209047051
2477.088818359375, 1.2083182549297433
2484.560302734375, 1.1155534767909416
2492.03173828125, 1.11518232247525
2499.503173828125, 1.0251438285952825
2506.974609375, 1.0670217990253266
2514.446044921875, 1.1229487247529888
2521.91748046875, 1.136352882594321
2529.38896484375, 1.150231030596872
2536.86044921875, 1.169733948973386
2544.33193359375, 1.191256024428448
2551.80341796875, 1.1609656319340562
2559.27490234375, 1.306011874665559
2566.746337890625, 1.318674287505572
2574.2177734375, 1.2815009028275068
2581.689208984375, 1.2381151869155977
2589.16064453125, 1.00
2596.63212890625, 1.00
2604.10361328125, 1.00
2611.57509765625, 1.00
2619.04658203125, 1.00
2626.51806640625, 1.17918008919137
2633.989501953125, 1.197428762150107
2641.4609375, 1.2203832406363628
2648.932373046875, 1.298766186559797
2656.40380859375, 1.7458525934435922
2663.875244140625, 1.707616291079507
2671.346728515625, 1.831378426538139
2678.818212890625, 1.779391379096309
2686.289697265625, 1.684132578739438
2693.761181640625, 1.1551376929544657
2701.232666015625, 1.2300530530486384
2708.7041015625, 1.332378973249222
2716.175537109375, 1.3332251118567502
2723.64697265625, 1.3032473316463107
2731.118408203125, 1.3920579454490425
2738.58984375, 1.3498656378001601
2746.061328125, 1.00
2753.5328125, 1.00
2761.004296875, 1.00
2768.47578125, 1.00
2775.947265625, 1.00
2783.418701171875, 0.97467332262508
2790.89013671875, 0.9926681984889955
2798.361572265625, 1.4136108892014683
2805.8330078125, 1.3500456701900885
2813.304443359375, 1.42080940697052
2820.775927734375, 1.4191282741406952
2828.247412109375, 1.621164121151531
2835.718896484375, 1.3317844991930603
2843.190380859375, 1.36754380695783
2850.661865234375, 1.4810773118618632
2858.13330078125, 1.625411136420698
2865.604736328125, 1.3921793226647443
2873.076171875, 1.3112836329822923
2880.547607421875, 1.3281844773268259
2888.01904296875, 1.1467867198752753
2895.49052734375, 1.1075164478699242
2902.96201171875, 1.2441744024160726
2910.43349609375, 1.9836656758205458
2917.90498046875, 2.139381244484146
2925.37646484375, 2.246513647928091
2932.847900390625, 2.325664011281482
2940.3193359375, 2.1745432850852575
2947.790771484375, 1.387257095732139
2955.26220703125, 1.2831495469115002
2962.73369140625, 1.2131391337686268
2970.20517578125, 1.013482870431266
2977.67666015625, 1.1327210950164508
2985.14814453125, 1.3137120599244596
2992.61962890625, 1.2983855905755812
3000.091064453125, 1.4332297872209316
3007.5625, 1.4898236059736498
3015.033935546875, 1.3984838909320676
3022.50537109375, 1.2525477468981632
3029.976806640625, 1.243256917006898
3037.448291015625, 1.2583011632238066
3044.919775390625, 1.4223625753849884
3052.391259765625, 1.6393870497092013
3059.862744140625, 1.7504965709535927
3067.334228515625, 1.7418375190751783
3074.8056640625, 1.4801646877129682
3082.277099609375, 1.3348392528500421
3089.74853515625, 1.147006009357698
3097.219970703125, 1.3360540389496731
3104.69140625, 1.00
3112.162890625, 1.00
3119.634375, 1.00
3127.105859375, 1.00
3134.57734375, 1.00
3142.048828125, 1.00
3149.520263671875, 1.3754431364918882
3156.99169921875, 1.3754963033303607
3164.463134765625, 1.00
3171.9345703125, 1.00
3179.406005859375, 1.00
3186.877490234375, 1.00
3194.348974609375, 1.00
3201.820458984375, 0.9508073683596135
3209.291943359375, 1.00
3216.763427734375, 1.00
3224.23486328125, 1.00
3231.706298828125, 1.00
3239.177734375, 1.00
3246.649169921875, 1.00
3254.12060546875, 1.00
3261.59208984375, 1.00
3269.06357421875, 1.00
3276.53505859375, 1.00
3284.00654296875, 1.00
3291.47802734375, 1.00
3298.949462890625, 1.00
3306.4208984375, 1.00
3313.892333984375, 1.00
3321.36376953125, 1.00
3328.835205078125, 1.00
3336.306689453125, 1.00
3343.778173828125, 1.00
3351.249658203125, 1.00
3358.721142578125, 1.00
3366.192626953125, 1.00
3373.6640625, 1.00
3381.135498046875, 1.00
3388.60693359375, 1.00
3396.078369140625, 1.00
3403.549853515625, 1.00
3411.021337890625, 1.00
3418.492822265625, 1.00
3425.964306640625, 1.00
3433.435791015625, 1.00
3440.9072265625, 1.00
3448.378662109375, 1.00
3455.85009765625, 1.00
3463.321533203125, 1.00
3470.79296875, 1.00
3478.264453125, 1.00
3485.7359375, 1.00
3493.207421875, 1.00
3500.67890625, 1.00
3508.150390625, 1.00
3515.621826171875, 1.00
3523.09326171875, 1.00
3530.564697265625, 1.00
3538.0361328125, 1.00
3545.507568359375, 1.00
3552.979052734375, 1.00
3560.450537109375, 1.00
3567.922021484375, 1.00
3575.393505859375, 1.00
3582.864990234375, 1.00
3590.33642578125, 1.00
3597.807861328125, 1.00
3605.279296875, 1.00
3612.750732421875, 4.441440451091702
3620.22216796875, 1.00
3627.69365234375, 1.00
3635.16513671875, 1.00
3642.63662109375, 1.00
3650.10810546875, 1.00
3657.57958984375, 1.00
3665.051025390625, 1.00
3672.5224609375, 1.00
3679.993896484375, 1.00
3687.46533203125, 1.00
3694.936767578125, 1.00
3702.408251953125, 1.00
3709.879736328125, 1.00
3717.351220703125, 1.00
3724.822705078125, 1.00
3732.294189453125, 1.00
3739.765625, 1.00
3747.237060546875, 1.00
3754.70849609375, 1.00
3762.179931640625, 1.00
3769.6513671875, 1.00
3777.1228515625, 1.00
3784.5943359375, 1.00
3792.0658203125, 1.00
3799.5373046875, 1.00
3807.0087890625, 1.00
3814.480224609375, 1.00
3821.95166015625, 1.00
3829.423095703125, 1.00
3836.89453125, 1.00
3844.366015625, 1.00
3851.8375, 1.00
3859.308984375, 1.00
3866.78046875, 1.00
3874.251953125, 1.00
3881.723388671875, 1.00
3889.19482421875, 1.00
3896.666259765625, 1.00
3904.1376953125, 1.00
3911.609130859375, 1.00
3919.080615234375, 1.00
3926.552099609375, 1.00
3934.023583984375, 1.00
3941.495068359375, 1.00
3948.966552734375, 1.00
3956.43798828125, 1.00
3963.909423828125, 1.00
3971.380859375, 1.00
3978.852294921875, 1.00
3986.32373046875, 1.00
3993.79521484375, 1.00
4001.26669921875, 1.00
4008.73818359375, 1.00
4016.20966796875, 1.00
4023.68115234375, 1.00
4031.152587890625, 1.00
4038.6240234375, 1.00
4046.095458984375, 1.00
4053.56689453125, 1.00
4061.038330078125, 1.00
4068.509814453125, 1.00
4075.981298828125, 1.00
4083.452734375, 1.00
4090.92421875, 1.00
4098.395751953125, 1.00
4105.8671875, 1.00
4113.33857421875, 1.00
4120.81005859375, 1.00
4128.28154296875, 1.00
4135.7529296875, 1.00
4143.2244140625, 1.00
4150.6958984375, 1.00
4158.1673828125, 1.00
4165.63876953125, 1.00
4173.11025390625, 1.00
4180.58173828125, 1.00
4188.05322265625, 1.00
4195.52470703125, 1.00
4202.99619140625, 1.00
4210.46767578125, 1.00
4217.9390625, 1.00
4225.410546875, 1.00
4232.88193359375, 1.00
4240.35341796875, 1.00
4247.82490234375, 1.00
4255.29638671875, 1.00
4262.76787109375, 1.00
4270.23935546875, 1.00
4277.71083984375, 1.00
4285.1822265625, 1.00
4292.6537109375, 1.00
4300.12509765625, 1.00
4307.59658203125, 1.00
4315.06796875, 1.00
4322.539453125, 1.00
4330.0109375, 1.00
4337.482421875, 1.00
4344.95390625, 1.00
4352.425390625, 1.00
4359.896875, 1.00
4367.36826171875, 1.00
4374.83974609375, 1.00
4382.3111328125, 1.00
4389.7826171875, 1.00
4397.2541015625, 1.00
4404.7255859375, 1.00
4412.1970703125, 1.00
4419.6685546875, 1.00
4427.1400390625, 1.00
4434.61142578125, 1.00
4442.08291015625, 1.00
4449.554296875, 1.00
4457.02578125, 1.00
4464.49716796875, 1.00
4471.96865234375, 1.00
4479.44013671875, 1.00
4486.91162109375, 1.00
4494.38310546875, 1.00
4501.85458984375, 1.00
4509.32607421875, 1.00
4516.7974609375, 1.00
4524.2689453125, 1.00
4531.74033203125, 1.00
4539.21181640625, 1.00
4546.68330078125, 1.00
4554.15478515625, 1.00
4561.62626953125, 1.00
4569.09775390625, 1.00
4576.56923828125, 1.00
4584.040625, 1.00
4591.512109375, 1.00
4598.98349609375, 1.00
4606.45498046875, 1.00
4613.92646484375, 1.00
4621.39794921875, 1.00
4628.86943359375, 1.00
4636.34091796875, 1.00
4643.81240234375, 1.00
4651.2837890625, 1.00
4658.7552734375, 1.00
4666.22666015625, 1.00
4673.69814453125, 1.00
4681.16953125, 1.00
4688.641015625, 1.00
4696.1125, 1.00
4703.583984375, 1.00
4711.05546875, 1.00
4718.526953125, 1.00
4725.9984375, 1.00
4733.46982421875, 1.00
4740.94130859375, 1.00
4748.4126953125, 1.00
4755.8841796875, 1.00
4763.3556640625, 1.00
4770.8271484375, 1.00
4778.2986328125, 1.00
4785.7701171875, 1.00
4793.2416015625, 1.00
4800.71298828125, 1.00
4808.18447265625, 1.00
4815.655859375, 1.00
4823.12734375, 1.00
4830.59873046875, 1.00
4838.07021484375, 1.00
4845.54169921875, 1.00
4853.01318359375, 1.00
4860.48466796875, 1.00
4867.95615234375, 1.00
4875.42763671875, 1.00
4882.8990234375, 1.00
4890.3705078125, 1.00
4897.84189453125, 1.00
4905.31337890625, 1.00
4912.78486328125, 1.00
4920.25634765625, 1.00
4927.72783203125, 1.00
4935.19931640625, 1.00
4942.67080078125, 1.00
4950.1421875, 1.00
4957.613671875, 1.00
4965.08505859375, 1.00
4972.55654296875, 1.00
4980.0279296875, 1.00
4987.4994140625, 1.00
4994.9708984375, 1.00
5002.4423828125, 1.00
5009.9138671875, 1.00
5017.3853515625, 1.00
5024.8568359375, 1.00
5032.32822265625, 1.00
5039.79970703125, 1.00
5047.27109375, 1.00
5054.742578125, 1.00
5062.2140625, 1.00
5069.685546875, 1.00
5077.15703125, 1.00
5084.628515625, 1.00
5092.1, 1.00
5099.57138671875, 1.00
5107.04287109375, 1.00
5114.5142578125, 1.00
5121.9857421875, 1.00
5129.4572265625, 1.00
5136.9287109375, 1.00
5144.4001953125, 1.00
5151.8716796875, 1.00
5159.3431640625, 1.00
5166.81455078125, 1.00
5174.28603515625, 1.00
5181.757421875, 1.00
5189.22890625, 1.00
5196.70029296875, 1.00
5204.17177734375, 1.00
5211.64326171875, 1.00
5219.11474609375, 1.00
5226.58623046875, 1.00
5234.05771484375, 1.00
5241.52919921875, 1.00
5249.0005859375, 1.00
5256.4720703125, 1.00
5263.94345703125, 1.00
5271.41494140625, 1.00
5278.88642578125, 1.00
5286.35791015625, 1.00
5293.82939453125, 1.00
5301.30087890625, 1.00
5308.77236328125, 1.00
5316.24375, 1.00
5323.715234375, 1.00
5331.18662109375, 1.00
5338.65810546875, 1.00
5346.1294921875, 1.00
5353.6009765625, 1.00
5361.0724609375, 1.00
5368.5439453125, 1.00
5376.0154296875, 1.00
5383.4869140625, 1.00
5390.9583984375, 1.00
5398.42978515625, 1.00
5405.90126953125, 1.00
5413.37265625, 1.00
5420.844140625, 1.00
5428.315625, 1.00
5435.787109375, 1.00
5443.25859375, 1.00
5450.730078125, 1.00
5458.2015625, 1.00
5465.67294921875, 1.00
5473.14443359375, 1.00
5480.6158203125, 1.00
5488.0873046875, 1.00
5495.5587890625, 1.00
5503.0302734375, 1.00
5510.5017578125, 1.00
5517.9732421875, 1.00
5525.4447265625, 1.00
5532.91611328125, 1.00
5540.38759765625, 1.00
5547.858984375, 1.00
5555.33046875, 1.00
5562.80185546875, 1.00
5570.27333984375, 1.00
5577.74482421875, 1.00
5585.21630859375, 1.00
5592.68779296875, 1.00
5600.15927734375, 1.00
5607.63076171875, 1.00
5615.1021484375, 1.00
5622.5736328125, 1.00
5630.04501953125, 1.00
5637.51650390625, 1.00
5644.98798828125, 1.00
5652.45947265625, 1.00
5659.93095703125, 1.00
5667.40244140625, 1.00
5674.87392578125, 1.00
5682.3453125, 1.00
5689.816796875, 1.00
5697.28818359375, 1.00
5704.75966796875, 1.00
5712.2310546875, 1.00
5719.7025390625, 1.00
5727.1740234375, 1.00
5734.6455078125, 1.00
5742.1169921875, 1.00
5749.5884765625, 1.00
5757.0599609375, 1.00
5764.53134765625, 1.00
5772.00283203125, 1.00
5779.47421875, 1.00
5786.945703125, 1.00
5794.4171875, 1.00
5801.888671875, 1.00
5809.36015625, 1.00
5816.831640625, 1.00
5824.303125, 1.00
5831.77451171875, 1.00
5839.24599609375, 1.00
5846.7173828125, 1.00
5854.1888671875, 1.00
5861.6603515625, 1.00
5869.1318359375, 1.00
5876.6033203125, 1.00
5884.0748046875, 1.00
5891.5462890625, 1.00
5899.01767578125, 1.00
5906.48916015625, 1.00
5913.960546875, 1.00
5921.43203125, 1.00
5928.90341796875, 1.00
5936.37490234375, 1.00
5943.84638671875, 1.00
5951.31787109375, 1.00
5958.78935546875, 1.00
5966.26083984375, 1.00
5973.73232421875, 1.00
5981.2037109375, 1.00
5988.6751953125, 1.00
5996.14658203125, 1.00
6003.61806640625, 1.00
6011.08955078125, 1.00
6018.56103515625, 1.00
6026.03251953125, 1.00
6033.50400390625, 1.00
6040.97548828125, 1.00
6048.446875, 1.00
6055.918359375, 1.00
6063.38974609375, 1.00
6070.86123046875, 1.00
6078.3326171875, 1.00
6085.8041015625, 1.00
6093.2755859375, 1.00
6100.7470703125, 1.00
6108.2185546875, 1.00
6115.6900390625, 1.00
6123.1615234375, 1.00
6130.63291015625, 1.00
6138.10439453125, 1.00
6145.57578125, 1.00
6153.047265625, 1.00
6160.51875, 1.00
6167.990234375, 1.00
6175.46171875, 1.00
6182.933203125, 1.00
6190.4046875, 1.00
6197.87607421875, 1.00
6205.34755859375, 1.00
6212.8189453125, 1.00
6220.2904296875, 1.00
6227.76181640625, 1.00
6235.23330078125, 1.00
6242.70478515625, 1.00
6250.17626953125, 1.00
6257.64775390625, 1.00
6265.11923828125, 1.00
6272.59072265625, 1.00
6280.062109375, 1.00
6287.53359375, 1.00
6295.00498046875, 1.00
6302.47646484375, 1.00
6309.94794921875, 1.00
6317.41943359375, 1.00
6324.89091796875, 1.00
6332.36240234375, 1.00
6339.83388671875, 1.00
6347.3052734375, 1.00
6354.7767578125, 1.00
6362.24814453125, 1.00
6369.71962890625, 1.00
6377.19111328125, 1.00
6384.66259765625, 1.00
6392.13408203125, 1.00
6399.60556640625, 1.00
6407.07705078125, 1.00
6414.5484375, 1.00
6422.019921875, 1.00
6429.49130859375, 1.00
6436.96279296875, 1.00
6444.4341796875, 1.00
6451.9056640625, 1.00
6459.3771484375, 1.00
6466.8486328125, 1.00
6474.3201171875, 1.00
6481.7916015625, 1.00
6489.2630859375, 1.00
6496.73447265625, 1.00
6504.20595703125, 1.00
6511.67734375, 1.00
6519.148828125, 1.00
6526.6203125, 1.00
6534.091796875, 1.00
6541.56328125, 1.00
6549.034765625, 1.00
6556.50625, 1.00
6563.97763671875, 1.00
6571.44912109375, 1.00
6578.9205078125, 1.00
6586.3919921875, 1.00
6593.86337890625, 1.00
6601.33486328125, 1.00
6608.80634765625, 1.00
6616.27783203125, 1.00
6623.74931640625, 1.00
6631.22080078125, 1.00
6638.69228515625, 1.00
6646.163671875, 1.00
6653.63515625, 1.00
6661.10654296875, 1.00
6668.57802734375, 1.00
6676.04951171875, 1.00
6683.52099609375, 1.00
6690.99248046875, 1.00
6698.46396484375, 1.00
6705.93544921875, 1.00
6713.4068359375, 1.00
6720.8783203125, 1.00
6728.34970703125, 1.00
6735.82119140625, 1.00
6743.29267578125, 1.00
6750.76416015625, 1.00
6758.23564453125, 1.00
6765.70712890625, 1.00
6773.17861328125, 1.00
6780.65, 1.00
6788.121484375, 1.00
6795.59287109375, 1.00
6803.06435546875, 1.00
6810.5357421875, 1.00
6818.0072265625, 1.00
6825.4787109375, 1.00
6832.9501953125, 1.00
6840.4216796875, 1.00
6847.8931640625, 1.00
6855.3646484375, 1.00
6862.83603515625, 1.00
6870.30751953125, 1.00
6877.77890625, 1.00
6885.250390625, 1.00
6892.721875, 1.00
6900.193359375, 1.00
6907.66484375, 1.00
6915.136328125, 1.00
6922.6078125, 1.00
6930.07919921875, 1.00
6937.55068359375, 1.00
6945.0220703125, 1.00
6952.4935546875, 1.00
6959.96494140625, 1.00
6967.43642578125, 1.00
6974.90791015625, 1.00
6982.37939453125, 1.00
6989.85087890625, 1.00
6997.32236328125, 1.00
7004.79384765625, 1.00
7012.265234375, 1.00
7019.73671875, 1.00
7027.20810546875, 1.00
7034.67958984375, 1.00
7042.15107421875, 1.00
7049.62255859375, 1.00
7057.09404296875, 1.00
7064.56552734375, 1.00
7072.03701171875, 1.00
7079.5083984375, 1.00
7086.9798828125, 1.00
7094.45126953125, 1.00
7101.92275390625, 1.00
7109.39423828125, 1.00
7116.86572265625, 1.00
7124.33720703125, 1.00
7131.80869140625, 1.00
7139.28017578125, 1.00
7146.7515625, 1.00
7154.223046875, 1.00
7161.69443359375, 1.00
7169.16591796875, 1.00
7176.6373046875, 1.00
7184.1087890625, 1.00
7191.5802734375, 1.00
7199.0517578125, 1.00
7206.5232421875, 1.00
7213.9947265625, 1.00
7221.4662109375, 1.00
7228.93759765625, 1.00
7236.40908203125, 1.00
7243.88046875, 1.00
7251.351953125, 1.00
7258.8234375, 1.00
7266.294921875, 1.00
7273.76640625, 1.00
7281.237890625, 1.00
7288.709375, 1.00
7296.18076171875, 1.00
7303.65224609375, 1.00
7311.1236328125, 1.00
7318.5951171875, 1.00
7326.06650390625, 1.00
7333.53798828125, 1.00
7341.00947265625, 1.00
7348.48095703125, 1.00
7355.95244140625, 1.00
7363.42392578125, 1.00
7370.89541015625, 1.00
7378.366796875, 1.00
7385.83828125, 1.00
7393.30966796875, 1.00
7400.78115234375, 1.00
7408.25263671875, 1.00
7415.72412109375, 1.00
7423.19560546875, 1.00
7430.66708984375, 1.00
7438.13857421875, 1.00
7445.6099609375, 1.00
7453.0814453125, 1.00
7460.55283203125, 1.00
7468.02431640625, 1.00
7475.495703125, 1.00
7482.9671875, 1.00
7490.438671875, 1.00
7497.91015625, 1.00
7505.381640625, 1.00
7512.853125, 1.00
7520.324609375, 1.00
7527.79599609375, 1.00
7535.26748046875, 1.00
7542.7388671875, 1.00
7550.2103515625, 1.00
7557.6818359375, 1.00
7565.1533203125, 1.00
7572.6248046875, 1.00
7580.0962890625, 1.00
7587.5677734375, 1.00
7595.03916015625, 1.00
7602.51064453125, 1.00
7609.98203125, 1.00
7617.453515625, 1.00
7624.925, 1.00
7632.396484375, 1.00
7639.86796875, 1.00
7647.339453125, 1.00
7654.8109375, 1.00
7662.28232421875, 1.00
7669.75380859375, 1.00
7677.2251953125, 1.00
7684.6966796875, 1.00
7692.16806640625, 1.00
7699.63955078125, 1.00
7707.11103515625, 1.00
7714.58251953125, 1.00
7722.05400390625, 1.00
7729.52548828125, 1.00
7736.99697265625, 1.00
7744.468359375, 1.00
7751.93984375, 1.00
7759.41123046875, 1.00
7766.88271484375, 1.00
7774.35419921875, 1.00
7781.82568359375, 1.00
7789.29716796875, 1.00
7796.76865234375, 1.00
7804.24013671875, 1.00
7811.7115234375, 1.00
7819.1830078125, 1.00
7826.65439453125, 1.00
7834.12587890625, 1.00
7841.597265625, 1.00
7849.06875, 1.00
7856.540234375, 1.00
7864.01171875, 1.00
7871.483203125, 1.00
7878.9546875, 1.00
7886.426171875, 1.00
7893.89755859375, 1.00
7901.36904296875, 1.00
7908.8404296875, 1.00
7916.3119140625, 1.00
7923.7833984375, 1.00
7931.2548828125, 1.00
7938.7263671875, 1.00
7946.1978515625, 1.00
7953.6693359375, 1.00
7961.14072265625, 1.00
7968.61220703125, 1.00
7976.08359375, 1.00
7983.555078125, 1.00
7991.0265625, 1.00
7998.498046875, 1.00
8005.96953125, 1.00
8013.441015625, 1.00
8020.9125, 1.00
8028.38388671875, 1.00
8035.85537109375, 1.00
8043.3267578125, 1.00
8050.7982421875, 1.00
8058.26962890625, 1.00
8065.74111328125, 1.00
8073.21259765625, 1.00
8080.68408203125, 1.00
8088.15556640625, 1.00
8095.62705078125, 1.00
8103.09853515625, 1.00
8110.569921875, 1.00
8118.04140625, 1.00
8125.51279296875, 1.00
8132.98427734375, 1.00
8140.45576171875, 1.00
8147.92724609375, 1.00
8155.39873046875, 1.00
8162.87021484375, 1.00
8170.34169921875, 1.00
8177.8130859375, 1.00
8185.2845703125, 1.00
8192.7560546875, 1.00
8200.22744140625, 1.00
8207.698828125, 1.00
8215.1703125, 1.00
8222.641796875, 1.00
8230.11328125, 1.00
8237.584765625, 1.00
8245.05625, 1.00
8252.527734375, 1.00
8259.99921875, 1.00
8267.4705078125, 1.00
8274.9419921875, 1.00
8282.4134765625, 1.00
8289.8849609375, 1.00
8297.3564453125, 1.00
8304.8279296875, 1.00
8312.2994140625, 1.00
8319.7708984375, 1.00
8327.2423828125, 1.00
8334.713671875, 1.00
8342.18515625, 1.00
8349.656640625, 1.00
8357.128125, 1.00
8364.599609375, 1.00
8372.07109375, 1.00
8379.542578125, 1.00
8387.0140625, 1.00
8394.485546875, 1.00
8401.9568359375, 1.00
8409.4283203125, 1.00
8416.8998046875, 1.00
8424.3712890625, 1.00
8431.8427734375, 1.00
8439.3142578125, 1.00
8446.7857421875, 1.00
8454.2572265625, 1.00
8461.7287109375, 1.00
8469.2, 1.00
8476.671484375, 1.00
8484.14296875, 1.00
8491.614453125, 1.00
8499.0857421875, 1.00
8506.5572265625, 1.00
8514.0287109375, 1.00
8521.5001953125, 1.00
8528.9716796875, 1.00
8536.4431640625, 1.00
8543.9146484375, 1.00
8551.3861328125, 1.00
8558.8576171875, 1.00
8566.32890625, 1.00
8573.800390625, 1.00
8581.271875, 1.00
8588.743359375, 1.00
8596.21484375, 1.00
8603.686328125, 1.00
8611.1578125, 1.00
8618.629296875, 1.00
8626.10078125, 1.00
8633.5720703125, 1.00
8641.0435546875, 1.00
8648.5150390625, 1.00
8655.9865234375, 1.00
8663.4580078125, 1.00
8670.9294921875, 1.00
8678.4009765625, 1.00
8685.8724609375, 1.00
8693.3439453125, 1.00
8700.815234375, 1.00
8708.28671875, 1.00
8715.758203125, 1.00
8723.2296875, 1.00
8730.701171875, 1.00
8738.17265625, 1.00
8745.644140625, 1.00
8753.115625, 1.00
8760.587109375, 1.00
8768.0583984375, 1.00
8775.5298828125, 1.00
8783.0013671875, 1.00
8790.4728515625, 1.00
8797.9443359375, 1.00
8805.4158203125, 1.00
8812.8873046875, 1.00
8820.3587890625, 1.00
8827.8302734375, 1.00
8835.3015625, 1.00
8842.773046875, 1.00
8850.24453125, 1.00
8857.716015625, 1.00
8865.1873046875, 1.00
8872.6587890625, 1.00
8880.1302734375, 1.00
8887.6017578125, 1.00
8895.0732421875, 1.00
8902.5447265625, 1.00
8910.0162109375, 1.00
8917.4876953125, 1.00
8924.9591796875, 1.00
8932.43046875, 1.00
8939.901953125, 1.00
8947.3734375, 1.00
8954.844921875, 1.00
8962.31640625, 1.00
8969.787890625, 1.00
8977.259375, 1.00
8984.730859375, 1.00
8992.20234375, 1.00
8999.6736328125, 1.00
9007.1451171875, 1.00
9014.6166015625, 1.00
9022.0880859375, 1.00
9029.5595703125, 1.00
9037.0310546875, 1.00
9044.5025390625, 1.00
9051.9740234375, 1.00
9059.4455078125, 1.00
9066.916796875, 1.00
9074.38828125, 1.00
9081.859765625, 1.00
9089.33125, 1.00
9096.802734375, 1.00
9104.27421875, 1.00
9111.745703125, 1.00
9119.2171875, 1.00
9126.688671875, 1.00
9134.1599609375, 1.00
9141.6314453125, 1.00
9149.1029296875, 1.00
9156.5744140625, 1.00
9164.0458984375, 1.00
9171.5173828125, 1.00
9178.9888671875, 1.00
9186.4603515625, 1.00
9193.9318359375, 1.00
9201.403125, 1.00
9208.874609375, 1.00
9216.34609375, 1.00
9223.817578125, 1.00
9231.2888671875, 1.00
9238.7603515625, 1.00
9246.2318359375, 1.00
9253.7033203125, 1.00
9261.1748046875, 1.00
9268.6462890625, 1.00
9276.1177734375, 1.00
9283.5892578125, 1.00
9291.0607421875, 1.00
9298.53203125, 1.00
9306.003515625, 1.00
9313.475, 1.00
9320.946484375, 1.00
9328.41796875, 1.00
9335.889453125, 1.00
9343.3609375, 1.00
9350.832421875, 1.00
9358.30390625, 1.00
9365.7751953125, 1.00
9373.2466796875, 1.00
9380.7181640625, 1.00
9388.1896484375, 1.00
9395.6611328125, 1.00
9403.1326171875, 1.00
9410.6041015625, 1.00
9418.0755859375, 1.00
9425.5470703125, 1.00
9433.018359375, 1.00
9440.48984375, 1.00
9447.961328125, 1.00
9455.4328125, 1.00
9462.904296875, 1.00
9470.37578125, 1.00
9477.847265625, 1.00
9485.31875, 1.00
9492.790234375, 1.00
9500.2615234375, 1.00
9507.7330078125, 1.00
9515.2044921875, 1.00
9522.6759765625, 1.00
9530.147265625, 1.00
9537.61875, 1.00
9545.090234375, 1.00
9552.56171875, 1.00
9560.033203125, 1.00
9567.5046875, 1.00
9574.976171875, 1.00
9582.44765625, 1.00
9589.919140625, 1.00
9597.3904296875, 1.00
9604.8619140625, 1.00
9612.3333984375, 1.00
9619.8048828125, 1.00
9627.2763671875, 1.00
9634.7478515625, 1.00
9642.2193359375, 1.00
9649.6908203125, 1.00
9657.1623046875, 1.00
9664.63359375, 1.00
9672.105078125, 1.00
9679.5765625, 1.00
9687.048046875, 1.00
9694.51953125, 1.00
9701.991015625, 1.00
9709.4625, 1.00
9716.933984375, 1.00
9724.40546875, 1.00
9731.8767578125, 1.00
9739.3482421875, 1.00
9746.8197265625, 1.00
9754.2912109375, 1.00
9761.7626953125, 1.00
9769.2341796875, 1.00
9776.7056640625, 1.00
9784.1771484375, 1.00
9791.6486328125, 1.00
9799.119921875, 1.00
9806.59140625, 1.00
9814.062890625, 1.00
9821.534375, 1.00
9829.005859375, 1.00
9836.47734375, 1.00
9843.948828125, 1.00
9851.4203125, 1.00
9858.891796875, 1.00
9866.3630859375, 1.00
9873.8345703125, 1.00
9881.3060546875, 1.00
9888.7775390625, 1.00
9896.248828125, 1.00
9903.7203125, 1.00
9911.191796875, 1.00
9918.66328125, 1.00
9926.134765625, 1.00
9933.60625, 1.00
9941.077734375, 1.00
9948.54921875, 1.00
9956.020703125, 1.00
9963.4919921875, 1.00
9970.9634765625, 1.00
9978.4349609375, 1.00
9985.9064453125, 1.00
9993.3779296875, 1.00
10000.8494140625, 1.00
10008.3208984375, 1.00
10015.7923828125, 1.00
10023.2638671875, 1.00
10030.73515625, 1.00
10038.206640625, 1.00
10045.678125, 1.00
10053.149609375, 1.00
10060.62109375, 1.00
10068.092578125, 1.00
10075.5640625, 1.00
10083.035546875, 1.00
10090.50703125, 1.00
10097.9783203125, 1.00
10105.4498046875, 1.00
10112.9212890625, 1.00
10120.3927734375, 1.00
10127.8642578125, 1.00
10135.3357421875, 1.00
10142.8072265625, 1.00
10150.2787109375, 1.00
10157.7501953125, 1.00
10165.221484375, 1.00
10172.69296875, 1.00
10180.164453125, 1.00
10187.6359375, 1.00
10195.107421875, 1.00
10202.57890625, 1.00
10210.050390625, 1.00
10217.521875, 1.00
10224.993359375, 1.00
10232.4646484375, 1.00
10239.9361328125, 1.00
10247.4076171875, 1.00
10254.8791015625, 1.00
10262.350390625, 1.00
10269.821875, 1.00
10277.293359375, 1.00
10284.76484375, 1.00
10292.236328125, 1.00
10299.7078125, 1.00
10307.179296875, 1.00
10314.65078125, 1.00
10322.122265625, 1.00
10329.5935546875, 1.00
10337.0650390625, 1.00
10344.5365234375, 1.00
10352.0080078125, 1.00
10359.4794921875, 1.00
10366.9509765625, 1.00
10374.4224609375, 1.00
10381.8939453125, 1.00
10389.3654296875, 1.00
10396.83671875, 1.00
10404.308203125, 1.00
10411.7796875, 1.00
10419.251171875, 1.00
10426.72265625, 1.00
10434.194140625, 1.00
10441.665625, 1.00
10449.137109375, 1.00
10456.60859375, 1.00
10464.0798828125, 1.00
10471.5513671875, 1.00
10479.0228515625, 1.00
10486.4943359375, 1.00
10493.9658203125, 1.00
10501.4373046875, 1.00
10508.9087890625, 1.00
10516.3802734375, 1.00
10523.8517578125, 1.00
10531.323046875, 1.00
10538.79453125, 1.00
10546.266015625, 1.00
10553.7375, 1.00
10561.208984375, 1.00
10568.68046875, 1.00
10576.151953125, 1.00
10583.6234375, 1.00
10591.094921875, 1.00
10598.5662109375, 1.00
10606.0376953125, 1.00
10613.5091796875, 1.00
10620.9806640625, 1.00
10628.451953125, 1.00
10635.9234375, 1.00
10643.394921875, 1.00
10650.86640625, 1.00
10658.337890625, 1.00
10665.809375, 1.00
10673.280859375, 1.00
10680.75234375, 1.00
10688.223828125, 1.00
10695.6951171875, 1.00
10703.1666015625, 1.00
10710.6380859375, 1.00
10718.1095703125, 1.00
10725.5810546875, 1.00
10733.0525390625, 1.00
10740.5240234375, 1.00
10747.9955078125, 1.00
10755.4669921875, 1.00
10762.93828125, 1.00
10770.409765625, 1.00
10777.88125, 1.00
10785.352734375, 1.00
10792.82421875, 1.00
10800.295703125, 1.00
10807.7671875, 1.00
10815.238671875, 1.00
10822.71015625, 1.00
10830.1814453125, 1.00
10837.6529296875, 1.00
10845.1244140625, 1.00
10852.5958984375, 1.00
10860.0673828125, 1.00
10867.5388671875, 1.00
10875.0103515625, 1.00
10882.4818359375, 1.00
10889.9533203125, 1.00
10897.424609375, 1.00
10904.89609375, 1.00
10912.367578125, 1.00
10919.8390625, 1.00
10927.310546875, 1.00
10934.78203125, 1.00
10942.253515625, 1.00
10949.725, 1.00
10957.196484375, 1.00
10964.6677734375, 1.00
10972.1392578125, 1.00
10979.6107421875, 1.00
10987.0822265625, 1.00
10994.553515625, 1.00
11002.025, 1.00
11009.496484375, 1.00
11016.96796875, 1.00
11024.439453125, 1.00
11031.9109375, 1.00
11039.382421875, 1.00
11046.85390625, 1.00
11054.325390625, 1.00
11061.7966796875, 1.00
11069.2681640625, 1.00
11076.7396484375, 1.00
11084.2111328125, 1.00
11091.6826171875, 1.00
11099.1541015625, 1.00
11106.6255859375, 1.00
11114.0970703125, 1.00
11121.5685546875, 1.00
11129.03984375, 1.00
11136.511328125, 1.00
11143.9828125, 1.00
11151.454296875, 1.00
11158.92578125, 1.00
11166.397265625, 1.00
11173.86875, 1.00
11181.340234375, 1.00
11188.81171875, 1.00
11196.2830078125, 1.00
11203.7544921875, 1.00
11211.2259765625, 1.00
11218.6974609375, 1.00
11226.1689453125, 1.00
11233.6404296875, 1.00
11241.1119140625, 1.00
11248.5833984375, 1.00
11256.0548828125, 1.00
11263.526171875, 1.00
11270.99765625, 1.00
11278.469140625, 1.00
11285.940625, 1.00
11293.412109375, 1.00
11300.88359375, 1.00
11308.355078125, 1.00
11315.8265625, 1.00
11323.298046875, 1.00
11330.7693359375, 1.00
11338.2408203125, 1.00
11345.7123046875, 1.00
11353.1837890625, 1.00
11360.655078125, 1.00
11368.1265625, 1.00
11375.598046875, 1.00
11383.06953125, 1.00
11390.541015625, 1.00
11398.0125, 1.00
11405.483984375, 1.00
11412.95546875, 1.00
11420.426953125, 1.00
11427.8982421875, 1.00
11435.3697265625, 1.00
11442.8412109375, 1.00
11450.3126953125, 1.00
11457.7841796875, 1.00
11465.2556640625, 1.00
11472.7271484375, 1.00
11480.1986328125, 1.00
11487.6701171875, 1.00
11495.14140625, 1.00
11502.612890625, 1.00
11510.084375, 1.00
11517.555859375, 1.00
11525.02734375, 1.00
11532.498828125, 1.00
11539.9703125, 1.00
11547.441796875, 1.00
11554.91328125, 1.00
11562.3845703125, 1.00
11569.8560546875, 1.00
11577.3275390625, 1.00
11584.7990234375, 1.00
11592.2705078125, 1.00
11599.7419921875, 1.00
11607.2134765625, 1.00
11614.6849609375, 1.00
11622.1564453125, 1.00
11629.627734375, 1.00
11637.09921875, 1.00
11644.570703125, 1.00
11652.0421875, 1.00
11659.513671875, 1.00
11666.98515625, 1.00
11674.456640625, 1.00
11681.928125, 1.00
11689.399609375, 1.00
11696.8708984375, 1.00
11704.3423828125, 1.00
11711.8138671875, 1.00
11719.2853515625, 1.00
11726.756640625, 1.00
11734.228125, 1.00
11741.699609375, 1.00
11749.17109375, 1.00
11756.642578125, 1.00
11764.1140625, 1.00
11771.585546875, 1.00
11779.05703125, 1.00
11786.528515625, 1.00
11793.9998046875, 1.00
11801.4712890625, 1.00
11808.9427734375, 1.00
11816.4142578125, 1.00
11823.8857421875, 1.00
11831.3572265625, 1.00
11838.8287109375, 1.00
11846.3001953125, 1.00
11853.7716796875, 1.00
11861.24296875, 1.00
11868.714453125, 1.00
11876.1859375, 1.00
11883.657421875, 1.00
11891.12890625, 1.00
11898.600390625, 1.00
11906.071875, 1.00
11913.543359375, 1.00
11921.01484375, 1.00
11928.4861328125, 1.00
11935.9576171875, 1.00
11943.4291015625, 1.00
11950.9005859375, 1.00
11958.3720703125, 1.00
11965.8435546875, 1.00
11973.3150390625, 1.00
11980.7865234375, 1.00
11988.2580078125, 1.00
11995.729296875, 1.00
12003.20078125, 1.00
12010.672265625, 1.00
12018.14375, 1.00
12025.6150390625, 1.00
12033.0865234375, 1.00
12040.5580078125, 1.00
12048.0294921875, 1.00
12055.5009765625, 1.00
12062.9724609375, 1.00
12070.4439453125, 1.00
12077.9154296875, 1.00
12085.3869140625, 1.00
12092.858203125, 1.00
12100.3296875, 1.00
12107.801171875, 1.00
12115.27265625, 1.00
12122.744140625, 1.00
12130.215625, 1.00
12137.687109375, 1.00
12145.15859375, 1.00
12152.630078125, 1.00
12160.1013671875, 1.00
12167.5728515625, 1.00
12175.0443359375, 1.00
12182.5158203125, 1.00
12189.9873046875, 1.00
12197.4587890625, 1.00
12204.9302734375, 1.00
12212.4017578125, 1.00
12219.8732421875, 1.00
12227.34453125, 1.00
12234.816015625, 1.00
12242.2875, 1.00
12249.758984375, 1.00
12257.23046875, 1.00
12264.701953125, 1.00
12272.1734375, 1.00
12279.644921875, 1.00
12287.11640625, 1.00
12294.5876953125, 1.00
12302.0591796875, 1.00
12309.5306640625, 1.00
12317.0021484375, 1.00
12324.4736328125, 1.00
12331.9451171875, 1.00
12339.4166015625, 1.00
12346.8880859375, 1.00
12354.3595703125, 1.00
12361.830859375, 1.00
12369.30234375, 1.00
12376.773828125, 1.00
12384.2453125, 1.00
12391.7166015625, 1.00
12399.1880859375, 1.00
12406.6595703125, 1.00
12414.1310546875, 1.00
12421.6025390625, 1.00
12429.0740234375, 1.00
12436.5455078125, 1.00
12444.0169921875, 1.00
12451.4884765625, 1.00
12458.959765625, 1.00
12466.43125, 1.00
12473.902734375, 1.00
12481.37421875, 1.00
12488.845703125, 1.00
12496.3171875, 1.00
12503.788671875, 1.00
12511.26015625, 1.00
12518.731640625, 1.00
12526.2029296875, 1.00
12533.6744140625, 1.00
12541.1458984375, 1.00
12548.6173828125, 1.00
12556.0888671875, 1.00
12563.5603515625, 1.00
12571.0318359375, 1.00
12578.5033203125, 1.00
12585.9748046875, 1.00
12593.44609375, 1.00
12600.917578125, 1.00
12608.3890625, 1.00
12615.860546875, 1.00
12623.33203125, 1.00
12630.803515625, 1.00
12638.275, 1.00
12645.746484375, 1.00
12653.21796875, 1.00
12660.6892578125, 1.00
12668.1607421875, 1.00
12675.6322265625, 1.00
12683.1037109375, 1.00
12690.5751953125, 1.00
12698.0466796875, 1.00
12705.5181640625, 1.00
12712.9896484375, 1.00
12720.4611328125, 1.00
12727.932421875, 1.00
12735.40390625, 1.00
12742.875390625, 1.00
12750.346875, 1.00
12757.8181640625, 1.00
12765.2896484375, 1.00
12772.7611328125, 1.00
12780.2326171875, 1.00
12787.7041015625, 1.00
12795.1755859375, 1.00
12802.6470703125, 1.00
12810.1185546875, 1.00
12817.5900390625, 1.00
12825.061328125, 1.00
12832.5328125, 1.00
12840.004296875, 1.00
12847.47578125, 1.00
12854.947265625, 1.00
12862.41875, 1.00
12869.890234375, 1.00
12877.36171875, 1.00
12884.833203125, 1.00
12892.3044921875, 1.00
12899.7759765625, 1.00
12907.2474609375, 1.00
12914.7189453125, 1.00
12922.1904296875, 1.00
12929.6619140625, 1.00
12937.1333984375, 1.00
12944.6048828125, 1.00
12952.0763671875, 1.00
12959.54765625, 1.00
12967.019140625, 1.00
12974.490625, 1.00
12981.962109375, 1.00
12989.43359375, 1.00
12996.905078125, 1.00
13004.3765625, 1.00
13011.848046875, 1.00
13019.31953125, 1.00
13026.7908203125, 1.00
13034.2623046875, 1.00
13041.7337890625, 1.00
13049.2052734375, 1.00
13056.6767578125, 1.00
13064.1482421875, 1.00
13071.6197265625, 1.00
13079.0912109375, 1.00
13086.5626953125, 1.00
13094.033984375, 1.00
13101.50546875, 1.00
13108.976953125, 1.00
13116.4484375, 1.00
13123.9197265625, 1.00
13131.3912109375, 1.00
13138.8626953125, 1.00
13146.3341796875, 1.00
13153.8056640625, 1.00
13161.2771484375, 1.00
13168.7486328125, 1.00
13176.2201171875, 1.00
13183.6916015625, 1.00
13191.162890625, 1.00
13198.634375, 1.00
13206.105859375, 1.00
13213.57734375, 1.00
13221.048828125, 1.00
13228.5203125, 1.00
13235.991796875, 1.00
13243.46328125, 1.00
13250.934765625, 1.00
13258.4060546875, 1.00
13265.8775390625, 1.00
13273.3490234375, 1.00
13280.8205078125, 1.00
13288.2919921875, 1.00
13295.7634765625, 1.00
13303.2349609375, 1.00
13310.7064453125, 1.00
13318.1779296875, 1.00
13325.64921875, 1.00
13333.120703125, 1.00
13340.5921875, 1.00
13348.063671875, 1.00
13355.53515625, 1.00
13363.006640625, 1.00
13370.478125, 1.00
13377.949609375, 1.00
13385.42109375, 1.00
13392.8923828125, 1.00
13400.3638671875, 1.00
13407.8353515625, 1.00
13415.3068359375, 1.00
13422.7783203125, 1.00
13430.2498046875, 1.00
13437.7212890625, 1.00
13445.1927734375, 1.00
13452.6642578125, 1.00
13460.135546875, 1.00
13467.60703125, 1.00
13475.078515625, 1.00
13482.55, 1.00
13490.0212890625, 1.00
13497.4927734375, 1.00
13504.9642578125, 1.00
13512.4357421875, 1.00
13519.9072265625, 1.00
13527.3787109375, 1.00
13534.8501953125, 1.00
13542.3216796875, 1.00
13549.7931640625, 1.00
13557.264453125, 1.00
13564.7359375, 1.00
13572.207421875, 1.00
13579.67890625, 1.00
13587.150390625, 1.00
13594.621875, 1.00
13602.093359375, 1.00
13609.56484375, 1.00
13617.036328125, 1.00
13624.5076171875, 1.00
13631.9791015625, 1.00
13639.4505859375, 1.00
13646.9220703125, 1.00
13654.3935546875, 1.00
13661.8650390625, 1.00
13669.3365234375, 1.00
13676.8080078125, 1.00
13684.2794921875, 1.00
13691.75078125, 1.00
13699.222265625, 1.00
13706.69375, 1.00
13714.165234375, 1.00
13721.63671875, 1.00
13729.108203125, 1.00
13736.5796875, 1.00
13744.051171875, 1.00
13751.52265625, 1.00
13758.9939453125, 1.00
13766.4654296875, 1.00
13773.9369140625, 1.00
13781.4083984375, 1.00
13788.8798828125, 1.00
13796.3513671875, 1.00
13803.8228515625, 1.00
13811.2943359375, 1.00
13818.7658203125, 1.00
13826.237109375, 1.00
13833.70859375, 1.00
13841.180078125, 1.00
13848.6515625, 1.00
13856.1228515625, 1.00
13863.5943359375, 1.00
13871.0658203125, 1.00
13878.5373046875, 1.00
13886.0087890625, 1.00
13893.4802734375, 1.00
13900.9517578125, 1.00
13908.4232421875, 1.00
13915.8947265625, 1.00
13923.366015625, 1.00
13930.8375, 1.00
13938.308984375, 1.00
13945.78046875, 1.00
13953.251953125, 1.00
13960.7234375, 1.00
13968.194921875, 1.00
13975.66640625, 1.00
13983.137890625, 1.00
13990.6091796875, 1.00
13998.0806640625, 1.00
14005.5521484375, 1.00
14013.0236328125, 1.00
14020.4951171875, 1.00
14027.9666015625, 1.00
14035.4380859375, 1.00
14042.9095703125, 1.00
14050.3810546875, 1.00
14057.85234375, 1.00
14065.323828125, 1.00
14072.7953125, 1.00
14080.266796875, 1.00
14087.73828125, 1.00
14095.209765625, 1.00
14102.68125, 1.00
14110.152734375, 1.00
14117.62421875, 1.00
14125.0955078125, 1.00
14132.5669921875, 1.00
14140.0384765625, 1.00
14147.5099609375, 1.00
14154.9814453125, 1.00
14162.4529296875, 1.00
14169.9244140625, 1.00
14177.3958984375, 1.00
14184.8673828125, 1.00
14192.338671875, 1.00
14199.81015625, 1.00
14207.281640625, 1.00
14214.753125, 1.00
14222.2244140625, 1.00
14229.6958984375, 1.00
14237.1673828125, 1.00
14244.6388671875, 1.00
14252.1103515625, 1.00
14259.5818359375, 1.00
14267.0533203125, 1.00
14274.5248046875, 1.00
14281.9962890625, 1.00
14289.467578125, 1.00
14296.9390625, 1.00
14304.410546875, 1.00
14311.88203125, 1.00
14319.353515625, 1.00
14326.825, 1.00
14334.296484375, 1.00
14341.76796875, 1.00
14349.239453125, 1.00
14356.7107421875, 1.00
14364.1822265625, 1.00
14371.6537109375, 1.00
14379.1251953125, 1.00
14386.5966796875, 1.00
14394.0681640625, 1.00
14401.5396484375, 1.00
14409.0111328125, 1.00
14416.4826171875, 1.00
14423.95390625, 1.00
14431.425390625, 1.00
14438.896875, 1.00
14446.368359375, 1.00
14453.83984375, 1.00
14461.311328125, 1.00
14468.7828125, 1.00
14476.254296875, 1.00
14483.72578125, 1.00
14491.1970703125, 1.00
14498.6685546875, 1.00
14506.1400390625, 1.00
14513.6115234375, 1.00
14521.0828125, 1.00
14528.554296875, 1.00
14536.02578125, 1.00
14543.497265625, 1.00
14550.96875, 1.00
14558.440234375, 1.00
14565.91171875, 1.00
14573.383203125, 1.00
14580.8546875, 1.00
14588.3259765625, 1.00
14595.7974609375, 1.00
14603.2689453125, 1.00
14610.7404296875, 1.00
14618.2119140625, 1.00
14625.6833984375, 1.00
14633.1548828125, 1.00
14640.6263671875, 1.00
14648.0978515625, 1.00
14655.569140625, 1.00
14663.040625, 1.00
14670.512109375, 1.00
14677.98359375, 1.00
14685.455078125, 1.00
14692.9265625, 1.00
14700.398046875, 1.00
14707.86953125, 1.00
14715.341015625, 1.00
14722.8123046875, 1.00
14730.2837890625, 1.00
14737.7552734375, 1.00
14745.2267578125, 1.00
14752.6982421875, 1.00
14760.1697265625, 1.00
14767.6412109375, 1.00
14775.1126953125, 1.00
14782.5841796875, 1.00
14790.05546875, 1.00
14797.526953125, 1.00
14804.9984375, 1.00
14812.469921875, 1.00
14819.94140625, 1.00
14827.412890625, 1.00
14834.884375, 1.00
14842.355859375, 1.00
14849.82734375, 1.00
14857.2986328125, 1.00
14864.7701171875, 1.00
14872.2416015625, 1.00
14879.7130859375, 1.00
14887.184375, 1.00
14894.655859375, 1.00
14902.12734375, 1.00
14909.598828125, 1.00
14917.0703125, 1.00
14924.541796875, 1.00
14932.01328125, 1.00
14939.484765625, 1.00
14946.95625, 1.00
14954.4275390625, 1.00
14961.8990234375, 1.00
14969.3705078125, 1.00
14976.8419921875, 1.00
14984.3134765625, 1.00
14991.7849609375, 1.00
14999.2564453125, 1.00
15006.7279296875, 1.00
15014.1994140625, 1.00
15021.670703125, 1.00
15029.1421875, 1.00
15036.613671875, 1.00
15044.08515625, 1.00
15051.556640625, 1.00
15059.028125, 1.00
15066.499609375, 1.00
15073.97109375, 1.00
15081.442578125, 1.00
15088.9138671875, 1.00
15096.3853515625, 1.00
15103.8568359375, 1.00
15111.3283203125, 1.00
15118.7998046875, 1.00
15126.2712890625, 1.00
15133.7427734375, 1.00
15141.2142578125, 1.00
15148.6857421875, 1.00
15156.15703125, 1.00
15163.628515625, 1.00
15171.1, 1.00
15178.571484375, 1.00
15186.04296875, 1.00
15193.514453125, 1.00
15200.9859375, 1.00
15208.457421875, 1.00
15215.92890625, 1.00
15223.4001953125, 1.00
15230.8716796875, 1.00
15238.3431640625, 1.00
15245.8146484375, 1.00
15253.2859375, 1.00
15260.757421875, 1.00
15268.22890625, 1.00
15275.700390625, 1.00
15283.171875, 1.00
15290.643359375, 1.00
15298.11484375, 1.00
15305.586328125, 1.00
15313.0578125, 1.00
15320.5291015625, 1.00
15328.0005859375, 1.00
15335.4720703125, 1.00
15342.9435546875, 1.00
15350.4150390625, 1.00
15357.8865234375, 1.00
15365.3580078125, 1.00
15372.8294921875, 1.00
15380.3009765625, 1.00
15387.772265625, 1.00
15395.24375, 1.00
15402.715234375, 1.00
15410.18671875, 1.00
15417.658203125, 1.00
15425.1296875, 1.00
15432.601171875, 1.00
15440.07265625, 1.00
15447.544140625, 1.00
15455.0154296875, 1.00
15462.4869140625, 1.00
15469.9583984375, 1.00
15477.4298828125, 1.00
15484.9013671875, 1.00
15492.3728515625, 1.00
15499.8443359375, 1.00
15507.3158203125, 1.00
15514.7873046875, 1.00
15522.25859375, 1.00
15529.730078125, 1.00
15537.2015625, 1.00
15544.673046875, 1.00
15552.14453125, 1.00
15559.616015625, 1.00
15567.0875, 1.00
15574.558984375, 1.00
15582.03046875, 1.00
15589.5017578125, 1.00
15596.9732421875, 1.00
15604.4447265625, 1.00
15611.9162109375, 1.00
15619.3875, 1.00
15626.858984375, 1.00
15634.33046875, 1.00
15641.801953125, 1.00
15649.2734375, 1.00
15656.744921875, 1.00
15664.21640625, 1.00
15671.687890625, 1.00
15679.159375, 1.00
15686.6306640625, 1.00
15694.1021484375, 1.00
15701.5736328125, 1.00
15709.0451171875, 1.00
15716.5166015625, 1.00
15723.9880859375, 1.00
15731.4595703125, 1.00
15738.9310546875, 1.00
15746.4025390625, 1.00
15753.873828125, 1.00
15761.3453125, 1.00
15768.816796875, 1.00
15776.28828125, 1.00
15783.759765625, 1.00
15791.23125, 1.00
15798.702734375, 1.00
15806.17421875, 1.00
15813.645703125, 1.00
15821.1169921875, 1.00
15828.5884765625, 1.00
15836.0599609375, 1.00
15843.5314453125, 1.00
15851.0029296875, 1.00
15858.4744140625, 1.00
15865.9458984375, 1.00
15873.4173828125, 1.00
15880.8888671875, 1.00
15888.36015625, 1.00
15895.831640625, 1.00
15903.303125, 1.00
15910.774609375, 1.00
15918.24609375, 1.00
15925.717578125, 1.00
15933.1890625, 1.00
15940.660546875, 1.00
15948.13203125, 1.00
15955.6033203125, 1.00
15963.0748046875, 1.00
15970.5462890625, 1.00
15978.0177734375, 1.00
15985.4890625, 1.00
15992.960546875, 1.00
16000.43203125, 1.00
16007.903515625, 1.00
16015.375, 1.00
16022.846484375, 1.00
16030.31796875, 1.00
16037.789453125, 1.00
16045.2609375, 1.00
16052.7322265625, 1.00
16060.2037109375, 1.00
16067.6751953125, 1.00
16075.1466796875, 1.00
16082.6181640625, 1.00
16090.0896484375, 1.00
16097.5611328125, 1.00
16105.0326171875, 1.00
16112.5041015625, 1.00
16119.975390625, 1.00
16127.446875, 1.00
16134.918359375, 1.00
16142.38984375, 1.00
16149.861328125, 1.00
16157.3328125, 1.00
16164.804296875, 1.00
16172.27578125, 1.00
16179.747265625, 1.00
16187.2185546875, 1.00
16194.6900390625, 1.00
16202.1615234375, 1.00
16209.6330078125, 1.00
16217.1044921875, 1.00
16224.5759765625, 1.00
16232.0474609375, 1.00
16239.5189453125, 1.00
16246.9904296875, 1.00
16254.46171875, 1.00
16261.933203125, 1.00
16269.4046875, 1.00
16276.876171875, 1.00
16284.34765625, 1.00
16291.819140625, 1.00
16299.290625, 1.00
16306.762109375, 1.00
16314.23359375, 1.00
16321.7048828125, 1.00
16329.1763671875, 1.00
16336.6478515625, 1.00
16344.1193359375, 1.00
16351.590625, 1.00
16359.062109375, 1.00
16366.53359375, 1.00
16374.0052734375, 1.00
16381.4767578125, 1.00
16388.9482421875, 1.00
16396.419921875, 1.00
16403.89140625, 1.00
16411.3625, 1.00
16418.833984375, 1.00
16426.30546875, 1.00
16433.7765625, 1.00
16441.248046875, 1.00
16448.71953125, 1.00
16456.191015625, 1.00
16463.6625, 1.00
16471.133984375, 1.00
16478.60546875, 1.00
16486.076953125, 1.00
16493.5484375, 1.00
16501.019921875, 1.00
16508.49140625, 1.00
16515.962890625, 1.00
16523.434375, 1.00
16530.905859375, 1.00
16538.37734375, 1.00
16545.848828125, 1.00
16553.3203125, 1.00
16560.791796875, 1.00
16568.262890625, 1.00
16575.734375, 1.00
16583.205859375, 1.00
16590.67734375, 1.00
16598.148828125, 1.00
16605.6203125, 1.00
16613.091796875, 1.00
16620.56328125, 1.00
16628.034765625, 1.00
16635.50625, 1.00
16642.977734375, 1.00
16650.44921875, 1.00
16657.920703125, 1.00
16665.3921875, 1.00
16672.863671875, 1.00
16680.33515625, 1.00
16687.806640625, 1.00
16695.278125, 1.00
16702.74921875, 1.00
16710.220703125, 1.00
16717.6921875, 1.00
16725.163671875, 1.00
16732.63515625, 1.00
16740.106640625, 1.00
16747.578125, 1.00
16755.049609375, 1.00
16762.52109375, 1.00
16769.992578125, 1.00
16777.4640625, 1.00
16784.935546875, 1.00
16792.40703125, 1.00
16799.878515625, 1.00
16807.35, 1.00
16814.821484375, 1.00
16822.29296875, 1.00
16829.764453125, 1.00
16837.235546875, 1.00
16844.70703125, 1.00
16852.178515625, 1.00
16859.65, 1.00
16867.121484375, 1.00
16874.59296875, 1.00
16882.064453125, 1.00
16889.5359375, 1.00
16897.007421875, 1.00
16904.47890625, 1.00
16911.950390625, 1.00
16919.421875, 1.00
16926.893359375, 1.00
16934.364453125, 1.00
16941.8359375, 1.00
16949.307421875, 1.00
16956.77890625, 1.00
16964.250390625, 1.00
16971.721875, 1.00
16979.193359375, 1.00
16986.66484375, 1.00
16994.136328125, 1.00
17001.6078125, 1.00
17009.079296875, 1.00
17016.55078125, 1.00
17024.022265625, 1.00
17031.49375, 1.00
17038.965234375, 1.00
17046.43671875, 1.00
17053.908203125, 1.00
17061.3796875, 1.00
17068.85078125, 1.00
17076.322265625, 1.00
17083.79375, 1.00
17091.265234375, 1.00
17098.73671875, 1.00
17106.208203125, 1.00
17113.6796875, 1.00
17121.151171875, 1.00
17128.62265625, 1.00
17136.094140625, 1.00
17143.565625, 1.00
17151.037109375, 1.00
17158.50859375, 1.00
17165.980078125, 1.00
17173.4515625, 1.00
17180.923046875, 1.00
17188.39453125, 1.00
17195.866015625, 1.00
17203.337109375, 1.00
17210.80859375, 1.00
17218.280078125, 1.00
17225.7515625, 1.00
17233.223046875, 1.00
17240.69453125, 1.00
17248.166015625, 1.00
17255.6375, 1.00
17263.108984375, 1.00
17270.58046875, 1.00
17278.051953125, 1.00
17285.5234375, 1.00
17292.994921875, 1.00
17300.466015625, 1.00
17307.9375, 1.00
17315.408984375, 1.00
17322.88046875, 1.00
17330.351953125, 1.00
17337.8234375, 1.00
17345.294921875, 1.00
17352.76640625, 1.00
17360.237890625, 1.00
17367.709375, 1.00
17375.180859375, 1.00
17382.65234375, 1.00
17390.123828125, 1.00
17397.5953125, 1.00
17405.066796875, 1.00
17412.53828125, 1.00
17420.009765625, 1.00
17427.48125, 1.00
17434.95234375, 1.00
17442.423828125, 1.00
17449.8953125, 1.00
17457.366796875, 1.00
17464.83828125, 1.00
17472.309765625, 1.00
17479.78125, 1.00
17487.252734375, 1.00
17494.72421875, 1.00
17502.195703125, 1.00
17509.6671875, 1.00
17517.138671875, 1.00
17524.61015625, 1.00
17532.081640625, 1.00
17539.553125, 1.00
17547.024609375, 1.00
17554.49609375, 1.00
17561.967578125, 1.00
17569.438671875, 1.00
17576.91015625, 1.00
17584.381640625, 1.00
17591.853125, 1.00
17599.324609375, 1.00
17606.79609375, 1.00
17614.267578125, 1.00
17621.7390625, 1.00
17629.210546875, 1.00
17636.68203125, 1.00
17644.153515625, 1.00
17651.625, 1.00
17659.096484375, 1.00
17666.567578125, 1.00
17674.0390625, 1.00
17681.510546875, 1.00
17688.98203125, 1.00
17696.453515625, 1.00
17703.925, 1.00
17711.396484375, 1.00
17718.86796875, 1.00
17726.339453125, 1.00
17733.8109375, 1.00
17741.282421875, 1.00
17748.75390625, 1.00
17756.225390625, 1.00
17763.696875, 1.00
17771.168359375, 1.00
17778.63984375, 1.00
17786.111328125, 1.00
17793.5828125, 1.00
17801.05390625, 1.00
17808.525390625, 1.00
17815.996875, 1.00
17823.468359375, 1.00
17830.93984375, 1.00
17838.411328125, 1.00
17845.8828125, 1.00
17853.354296875, 1.00
17860.82578125, 1.00
17868.297265625, 1.00
17875.76875, 1.00
17883.240234375, 1.00
17890.71171875, 1.00
17898.183203125, 1.00
17905.6546875, 1.00
17913.126171875, 1.00
17920.59765625, 1.00
17928.069140625, 1.00
17935.540234375, 1.00
17943.01171875, 1.00
17950.483203125, 1.00
17957.9546875, 1.00
17965.426171875, 1.00
17972.89765625, 1.00
17980.369140625, 1.00
17987.840625, 1.00
17995.312109375, 1.00
18002.78359375, 1.00
18010.255078125, 1.00
18017.7265625, 1.00
18025.198046875, 1.00
18032.669140625, 1.00
18040.140625, 1.00
18047.612109375, 1.00
18055.08359375, 1.00
18062.555078125, 1.00
18070.0265625, 1.00
18077.498046875, 1.00
18084.96953125, 1.00
18092.441015625, 1.00
18099.9125, 1.00
18107.383984375, 1.00
18114.85546875, 1.00
18122.326953125, 1.00
18129.7984375, 1.00
18137.269921875, 1.00
18144.74140625, 1.00
18152.212890625, 1.00
18159.684375, 1.00
18167.15546875, 1.00
18174.626953125, 1.00
18182.0984375, 1.00
18189.569921875, 1.00
18197.04140625, 1.00
18204.512890625, 1.00
18211.984375, 1.00
18219.455859375, 1.00
18226.92734375, 1.00
18234.398828125, 1.00
18241.8703125, 1.00
18249.341796875, 1.00
18256.81328125, 1.00
18264.284765625, 1.00
18271.75625, 1.00
18279.227734375, 1.00
18286.69921875, 1.00
18294.170703125, 1.00
18301.641796875, 1.00
18309.11328125, 1.00
18316.584765625, 1.00
18324.05625, 1.00
18331.527734375, 1.00
18338.99921875, 1.00
18346.470703125, 1.00
18353.9421875, 1.00
18361.413671875, 1.00
18368.88515625, 1.00
18376.356640625, 1.00
18383.828125, 1.00
18391.299609375, 1.00
18398.770703125, 1.00
18406.2421875, 1.00
18413.713671875, 1.00
18421.18515625, 1.00
18428.656640625, 1.00
18436.128125, 1.00
18443.599609375, 1.00
18451.07109375, 1.00
18458.542578125, 1.00
18466.0140625, 1.00
18473.485546875, 1.00
18480.95703125, 1.00
18488.428515625, 1.00
18495.9, 1.00
18503.371484375, 1.00
18510.84296875, 1.00
18518.314453125, 1.00
18525.7859375, 1.00
18533.25703125, 1.00
18540.728515625, 1.00
18548.2, 1.00
18555.671484375, 1.00
18563.14296875, 1.00
18570.614453125, 1.00
18578.0859375, 1.00
18585.557421875, 1.00
18593.02890625, 1.00
18600.500390625, 1.00
18607.971875, 1.00
18615.443359375, 1.00
18622.91484375, 1.00
18630.3859375, 1.00
18637.857421875, 1.00
18645.32890625, 1.00
18652.800390625, 1.00
18660.271875, 1.00
18667.743359375, 1.00
18675.21484375, 1.00
18682.686328125, 1.00
18690.1578125, 1.00
18697.629296875, 1.00
18705.10078125, 1.00
18712.572265625, 1.00
18720.04375, 1.00
18727.515234375, 1.00
18734.98671875, 1.00
18742.458203125, 1.00
18749.9296875, 1.00
18757.401171875, 1.00
18764.872265625, 1.00
18772.34375, 1.00
18779.815234375, 1.00
18787.28671875, 1.00
18794.758203125, 1.00
18802.2296875, 1.00
18809.701171875, 1.00
18817.17265625, 1.00
18824.644140625, 1.00
18832.115625, 1.00
18839.587109375, 1.00
18847.05859375, 1.00
18854.530078125, 1.00
18862.0015625, 1.00
18869.473046875, 1.00
18876.94453125, 1.00
18884.416015625, 1.00
18891.8875, 1.00
18899.35859375, 1.00
18906.830078125, 1.00
18914.3015625, 1.00
18921.773046875, 1.00
18929.24453125, 1.00
18936.716015625, 1.00
18944.1875, 1.00
18951.658984375, 1.00
18959.13046875, 1.00
18966.601953125, 1.00
18974.0734375, 1.00
18981.544921875, 1.00
18989.01640625, 1.00
18996.4875, 1.00
19003.958984375, 1.00
19011.43046875, 1.00
19018.901953125, 1.00
19026.3734375, 1.00
19033.844921875, 1.00
19041.31640625, 1.00
19048.787890625, 1.00
19056.259375, 1.00
19063.730859375, 1.00
19071.20234375, 1.00
19078.673828125, 1.00
19086.1453125, 1.00
19093.616796875, 1.00
19101.08828125, 1.00
19108.559765625, 1.00
19116.03125, 1.00
19123.502734375, 1.00
19130.973828125, 1.00
19138.4453125, 1.00
19145.916796875, 1.00
19153.38828125, 1.00
19160.859765625, 1.00
19168.33125, 1.00
19175.802734375, 1.00
19183.27421875, 1.00
19190.745703125, 1.00
19198.2171875, 1.00
19205.688671875, 1.00
19213.16015625, 1.00
19220.631640625, 1.00
19228.103125, 1.00
19235.574609375, 1.00
19243.04609375, 1.00
19250.517578125, 1.00
19257.9890625, 1.00
19265.46015625, 1.00
19272.931640625, 1.00
19280.403125, 1.00
19287.874609375, 1.00
19295.34609375, 1.00
19302.817578125, 1.00
19310.2890625, 1.00
19317.760546875, 1.00
19325.23203125, 1.00
19332.703515625, 1.00
19340.175, 1.00
19347.646484375, 1.00
19355.11796875, 1.00
19362.5890625, 1.00
19370.060546875, 1.00
19377.53203125, 1.00
19385.003515625, 1.00
19392.475, 1.00
19399.946484375, 1.00
19407.41796875, 1.00
19414.889453125, 1.00
19422.3609375, 1.00
19429.832421875, 1.00
19437.30390625, 1.00
19444.775390625, 1.00
19452.246875, 1.00
19459.718359375, 1.00
19467.18984375, 1.00
19474.661328125, 1.00
19482.1328125, 1.00
19489.604296875, 1.00
19497.075390625, 1.00
19504.546875, 1.00
19512.018359375, 1.00
19519.48984375, 1.00
19526.961328125, 1.00
19534.4328125, 1.00
19541.904296875, 1.00
19549.37578125, 1.00
19556.847265625, 1.00
19564.31875, 1.00
19571.790234375, 1.00
19579.26171875, 1.00
19586.733203125, 1.00
19594.2046875, 1.00
19601.676171875, 1.00
19609.14765625, 1.00
19616.619140625, 1.00
19624.090625, 1.00
19631.56171875, 1.00
19639.033203125, 1.00
19646.5046875, 1.00
19653.976171875, 1.00
19661.44765625, 1.00
19668.919140625, 1.00
19676.390625, 1.00
19683.862109375, 1.00
19691.33359375, 1.00
19698.805078125, 1.00
19706.2765625, 1.00
19713.748046875, 1.00
19721.21953125, 1.00
19728.690625, 1.00
19736.162109375, 1.00
19743.63359375, 1.00
19751.105078125, 1.00
19758.5765625, 1.00
19766.048046875, 1.00
19773.51953125, 1.00
19780.991015625, 1.00
19788.4625, 1.00
19795.933984375, 1.00
19803.40546875, 1.00
19810.876953125, 1.00
19818.3484375, 1.00
19825.819921875, 1.00
19833.29140625, 1.00
19840.762890625, 1.00
19848.234375, 1.00
19855.705859375, 1.00
19863.176953125, 1.00
19870.6484375, 1.00
19878.119921875, 1.00
19885.59140625, 1.00
19893.062890625, 1.00
19900.534375, 1.00
19908.005859375, 1.00
19915.47734375, 1.00
19922.948828125, 1.00
19930.4203125, 1.00
19937.891796875, 1.00
19945.36328125, 1.00
19952.834765625, 1.00
19960.30625, 1.00
19967.777734375, 1.00
19975.24921875, 1.00
19982.720703125, 1.00
19990.1921875, 1.00
19997.66328125, 1.00
20005.134765625, 1.00
20012.60625, 1.00
20020.077734375, 1.00
20027.54921875, 1.00
20035.020703125, 1.00
20042.4921875, 1.00
20049.963671875, 1.00
20057.43515625, 1.00
20064.906640625, 1.00
20072.378125, 1.00
20079.849609375, 1.00
20087.32109375, 1.00
20094.7921875, 1.00
20102.263671875, 1.00
20109.73515625, 1.00
20117.206640625, 1.00
20124.678125, 1.00
20132.149609375, 1.00
20139.62109375, 1.00
20147.092578125, 1.00
20154.5640625, 1.00
20162.035546875, 1.00
20169.50703125, 1.00
20176.978515625, 1.00
20184.45, 1.00
20191.921484375, 1.00
20199.39296875, 1.00
20206.864453125, 1.00
20214.3359375, 1.00
20221.807421875, 1.00
20229.278515625, 1.00
20236.75, 1.00
20244.221484375, 1.00
20251.69296875, 1.00
20259.164453125, 1.00
20266.6359375, 1.00
20274.107421875, 1.00
20281.57890625, 1.00
20289.050390625, 1.00
20296.521875, 1.00
20303.993359375, 1.00
20311.46484375, 1.00
20318.936328125, 1.00
20326.4078125, 1.00
20333.879296875, 1.00
20341.35078125, 1.00
20348.822265625, 1.00
20356.29375, 1.00
20363.76484375, 1.00
20371.236328125, 1.00
20378.7078125, 1.00
20386.179296875, 1.00
20393.65078125, 1.00
20401.122265625, 1.00
20408.59375, 1.00
20416.065234375, 1.00
20423.53671875, 1.00
20431.008203125, 1.00
20438.4796875, 1.00
20445.951171875, 1.00
20453.42265625, 1.00
20460.89375, 1.00
20468.365234375, 1.00
20475.83671875, 1.00
20483.308203125, 1.00
20490.7796875, 1.00
20498.251171875, 1.00
20505.72265625, 1.00
20513.194140625, 1.00
20520.665625, 1.00
20528.137109375, 1.00
20535.60859375, 1.00
20543.080078125, 1.00
20550.5515625, 1.00
20558.023046875, 1.00
20565.49453125, 1.00
20572.966015625, 1.00
20580.4375, 1.00
20587.908984375, 1.00
20595.380078125, 1.00
20602.8515625, 1.00
20610.323046875, 1.00
20617.79453125, 1.00
20625.266015625, 1.00
20632.7375, 1.00
20640.208984375, 1.00
20647.68046875, 1.00
20655.151953125, 1.00
20662.6234375, 1.00
20670.094921875, 1.00
20677.56640625, 1.00
20685.037890625, 1.00
20692.509375, 1.00
20699.980859375, 1.00
20707.45234375, 1.00
20714.923828125, 1.00
20722.3953125, 1.00
20729.86640625, 1.00
20737.337890625, 1.00
20744.809375, 1.00
20752.280859375, 1.00
20759.75234375, 1.00
20767.223828125, 1.00
20774.6953125, 1.00
20782.166796875, 1.00
20789.63828125, 1.00
20797.109765625, 1.00
20804.58125, 1.00
20812.052734375, 1.00
20819.52421875, 1.00
20826.9953125, 1.00
20834.466796875, 1.00
20841.93828125, 1.00
20849.409765625, 1.00
20856.88125, 1.00
20864.352734375, 1.00
20871.82421875, 1.00
20879.295703125, 1.00
20886.7671875, 1.00
20894.238671875, 1.00
20901.71015625, 1.00
20909.181640625, 1.00
20916.653125, 1.00
20924.124609375, 1.00
20931.59609375, 1.00
20939.067578125, 1.00
20946.5390625, 1.00
20954.010546875, 1.00
20961.481640625, 1.00
20968.953125, 1.00
20976.424609375, 1.00
20983.89609375, 1.00
20991.367578125, 1.00
20998.8390625, 1.00
21006.310546875, 1.00
21013.78203125, 1.00
21021.253515625, 1.00
21028.725, 1.00
21036.196484375, 1.00
21043.66796875, 1.00
21051.139453125, 1.00
21058.6109375, 1.00
21066.082421875, 1.00
21073.55390625, 1.00
21081.025390625, 1.00
21088.496875, 1.00
21095.96796875, 1.00
21103.439453125, 1.00
21110.9109375, 1.00
21118.382421875, 1.00
21125.85390625, 1.00
21133.325390625, 1.00
21140.796875, 1.00
21148.268359375, 1.00
21155.73984375, 1.00
21163.211328125, 1.00
21170.6828125, 1.00
21178.154296875, 1.00
21185.62578125, 1.00
21193.096875, 1.00
21200.568359375, 1.00
21208.03984375, 1.00
21215.511328125, 1.00
21222.9828125, 1.00
21230.454296875, 1.00
21237.92578125, 1.00
21245.397265625, 1.00
21252.86875, 1.00
21260.340234375, 1.00
21267.81171875, 1.00
21275.283203125, 1.00
21282.7546875, 1.00
21290.226171875, 1.00
21297.69765625, 1.00
21305.169140625, 1.00
21312.640625, 1.00
21320.112109375, 1.00
21327.583203125, 1.00
21335.0546875, 1.00
21342.526171875, 1.00
21349.99765625, 1.00
21357.469140625, 1.00
21364.940625, 1.00
21372.412109375, 1.00
21379.88359375, 1.00
21387.355078125, 1.00
21394.8265625, 1.00
21402.298046875, 1.00
21409.76953125, 1.00
21417.241015625, 1.00
21424.7125, 1.00
21432.183984375, 1.00
21439.65546875, 1.00
21447.126953125, 1.00
21454.5984375, 1.00
21462.06953125, 1.00
21469.541015625, 1.00
21477.0125, 1.00
21484.483984375, 1.00
21491.95546875, 1.00
21499.426953125, 1.00
21506.8984375, 1.00
21514.369921875, 1.00
21521.84140625, 1.00
21529.312890625, 1.00
21536.784375, 1.00
21544.255859375, 1.00
21551.72734375, 1.00
21559.1984375, 1.00
21566.669921875, 1.00
21574.14140625, 1.00
21581.612890625, 1.00
21589.084375, 1.00
21596.555859375, 1.00
21604.02734375, 1.00
21611.498828125, 1.00
21618.9703125, 1.00
21626.441796875, 1.00
21633.91328125, 1.00
21641.384765625, 1.00
21648.85625, 1.00
21656.327734375, 1.00
21663.79921875, 1.00
21671.270703125, 1.00
21678.7421875, 1.00
21686.213671875, 1.00
21693.684765625, 1.00
21701.15625, 1.00
21708.627734375, 1.00
21716.09921875, 1.00
21723.570703125, 1.00
21731.0421875, 1.00
21738.513671875, 1.00
21745.98515625, 1.00
21753.456640625, 1.00
21760.928125, 1.00
21768.399609375, 1.00
21775.87109375, 1.00
21783.342578125, 1.00
21790.8140625, 1.00
21798.285546875, 1.00
21805.75703125, 1.00
21813.228515625, 1.00
21820.7, 1.00
21828.17109375, 1.00
21835.642578125, 1.00
21843.1140625, 1.00
21850.585546875, 1.00
21858.05703125, 1.00
21865.528515625, 1.00
21873.0, 1.00
21880.471484375, 1.00
21887.94296875, 1.00
21895.414453125, 1.00
21902.8859375, 1.00
21910.357421875, 1.00
21917.82890625, 1.00
21925.3, 1.00
21932.771484375, 1.00
21940.24296875, 1.00
21947.714453125, 1.00
21955.1859375, 1.00
21962.657421875, 1.00
21970.12890625, 1.00
21977.600390625, 1.00
21985.071875, 1.00
21992.543359375, 1.00
22000.01484375, 1.00
22007.486328125, 1.00
22014.9578125, 1.00
22022.429296875, 1.00
22029.90078125, 1.00
22037.372265625, 1.00
22044.84375, 1.00
22052.315234375, 1.00
22059.786328125, 1.00
22067.2578125, 1.00
22074.729296875, 1.00
22082.20078125, 1.00
22089.672265625, 1.00
22097.14375, 1.00
22104.615234375, 1.00
22112.08671875, 1.00
22119.558203125, 1.00
22127.0296875, 1.00
22134.501171875, 1.00
22141.97265625, 1.00
22149.444140625, 1.00
22156.915625, 1.00
22164.387109375, 1.00
22171.85859375, 1.00
22179.330078125, 1.00
22186.8015625, 1.00
22194.27265625, 1.00
22201.744140625, 1.00
22209.215625, 1.00
22216.687109375, 1.00
22224.15859375, 1.00
22231.630078125, 1.00
22239.1015625, 1.00
22246.573046875, 1.00
22254.04453125, 1.00
22261.516015625, 1.00
22268.9875, 1.00
22276.458984375, 1.00
22283.93046875, 1.00
22291.4015625, 1.00
22298.873046875, 1.00
22306.34453125, 1.00
22313.816015625, 1.00
22321.2875, 1.00
22328.758984375, 1.00
22336.23046875, 1.00
22343.701953125, 1.00
22351.1734375, 1.00
22358.644921875, 1.00
22366.11640625, 1.00
22373.587890625, 1.00
22381.059375, 1.00
22388.530859375, 1.00
22396.00234375, 1.00
22403.473828125, 1.00
22410.9453125, 1.00
22418.416796875, 1.00
22425.887890625, 1.00
22433.359375, 1.00
22440.830859375, 1.00
22448.30234375, 1.00
22455.773828125, 1.00
22463.2453125, 1.00
