height(m)   Overlap 
3.664379883, 0.009625144
11.16437988, 0.009625144
18.66437988, 0.009625144
26.16437988, 0.009625144
33.66437988, 0.009625144
41.16437988, 0.009625144
48.66437988, 0.009625144
56.16437988, 0.009625144
63.66437988, 0.009625144
71.16437988, 0.009625144
78.66437988, 0.009625144
86.16437988, 0.009625144
93.66437988, 0.009625144
101.1643799, 0.009625144
108.6358414, 0.013577271
116.1073044, 0.018663918
123.5787643, 0.02486995
131.0502228, 0.032201163
138.5216827, 0.040611936
145.9931427, 0.050046767
153.4646027, 0.0605125
160.9360626, 0.071883041
168.4075256, 0.084213408
175.8789856, 0.097534135
183.3504456, 0.111696923
190.8219055, 0.126690452
198.2933655, 0.142579113
205.7648254, 0.159010476
213.2362885, 0.17595357
220.7077484, 0.192886584
228.1792084, 0.210167666
235.6506683, 0.227182812
243.1221313, 0.244119284
250.5935883, 0.260866846
258.0650482, 0.278074141
265.5365082, 0.29505663
273.0079712, 0.312499065
280.4794312, 0.33041893
287.9508911, 0.349112024
295.4223511, 0.368185758
302.893811, 0.387800259
310.365271, 0.40831467
317.836731, 0.42876669
325.308197, 0.449422334
332.779657, 0.470993915
340.2511169, 0.492021865
347.7225769, 0.512732402
355.1940369, 0.53426641
362.6654968, 0.555532703
370.1369568, 0.575482219
377.6084167, 0.595460244
385.0798767, 0.616221117
392.5513367, 0.636169767
400.0227966, 0.65525427
407.4942566, 0.674830468
414.9657166, 0.694398866
422.4371765, 0.711794223
429.9086365, 0.728527093
437.3800964, 0.745276761
444.8515625, 0.762805618
452.3230225, 0.777288403
459.7944824, 0.790991546
467.2659424, 0.804410516
474.7374023, 0.81797685
482.2088623, 0.826973283
489.6803223, 0.837620903
497.1517883, 0.848916006
504.6232483, 0.860110744
512.0947021, 0.868001434
519.5661621, 0.878459008
527.0376221, 0.886319023
534.509082, 0.895988556
541.980542, 0.902991058
549.452002, 0.910657324
556.9234619, 0.915249791
564.3949341, 0.921522899
571.866394, 0.92348147
579.337854, 0.92807926
586.8093262, 0.931340142
594.2807861, 0.934728742
601.7522339, 0.939319648
609.2236938, 0.942411278
616.6951538, 0.945176465
624.1666138, 0.948924845
631.6380737, 0.952628313
639.1095337, 0.955108625
646.5809937, 0.960026867
654.0524536, 0.961863054
661.5239136, 0.964162931
668.9953735, 0.967432548
676.4668335, 0.968509344
683.9382935, 0.969822672
691.4097534, 0.972274214
698.8812134, 0.971916883
706.3526733, 0.971403432
713.8241333, 0.97891347
721.2955933, 0.982219262
728.7670532, 0.985331805
736.2385132, 0.98856207
743.7099731, 0.99016197
751.1814331, 0.985780405
758.6528931, 0.984820753
766.124353, 0.985174658
773.595813, 0.987881906
781.0672729, 0.990322393
788.5387451, 0.991990617
796.0102051, 0.991708043
803.481665, 0.989398661
810.953125, 0.986491883
818.424585, 0.985712117
825.8960449, 0.983866214
833.3675049, 0.98743118
840.8389648, 0.990828021
848.3104248, 0.995198951
855.7818848, 0.996442687
863.2533447, 0.997712989
870.7248047, 0.996136916
878.1962646, 0.99571364
885.6677246, 0.994354852
893.1391846, 0.993948608
900.6106445, 0.998280137
908.0821045, 0.99696915
915.5535645, 0.99274344
923.0250244, 0.990329165
930.4964844, 0.990847936
937.9679443, 0.990350194
945.4394043, 0.992849698
952.9108643, 0.998166576
960.3823242, 0.99640998
967.8537842, 0.997295663
975.3252441, 0.998672365
982.7967041, 0.994091357
990.2681641, 0.992967487
997.739624, 0.995761791
1005.211084, 0.995584511
1012.682544, 0.994173957
1020.154004, 1.001213894
1027.625464, 1.001534535
1035.096912, 1.004685944
1042.568359, 1.007114881
1050.039819, 1.006915595
1057.511279, 1.005837477
1064.982764, 1.004139
1072.454248, 1.008096421
1079.925732, 1.005653535
1087.397192, 1.000978432
1094.868652, 0.99897793
1102.340088, 0.997153656
1109.811548, 0.990185386
1117.283008, 0.989731877
1124.754468, 0.989397877
1132.225928, 0.99048724
1139.697388, 0.989751584
1147.168848, 0.988073754
1154.640308, 0.987122687
1162.111768, 0.9909101
1169.583228, 0.992630059
1177.054688, 1.001880736
1184.526147, 1.006688611
1191.997607, 1.009612854
1199.469067, 1.00680341
1206.940527, 1.008318818
1214.411987, 1.002318782
1221.883447, 0.998895223
1229.354907, 0.997722342
1236.826367, 0.998175558
1244.297827, 0.995353703
1251.769287, 1.000350215
1259.240747, 1.001852806
1266.712207, 1.001914428
1274.183667, 1.005998631
1281.655127, 1.003338863
1289.126587, 1.002440263
1296.598047, 0.999330247
1304.069507, 0.997047245
1311.540967, 0.997087624
1319.012427, 1.003834125
1326.483887, 0.998138188
1333.955347, 1.003570641
1341.426807, 1.006300505
1348.898267, 1.009522625
1356.369727, 1.010361034
1363.841187, 1.008479689
1371.312646, 0.999898539
1378.784106, 0.993174986
1386.255566, 0.988994647
1393.727026, 0.98706403
1401.198486, 0.9942944
1408.669946, 1.005766233
1416.141406, 1.013946635
1423.612866, 1.024047981
1431.084326, 1.0232611
1438.555786, 1.024250524
1446.027246, 1.025263557
1453.498706, 1.019446841
1460.970166, 1.012803907
1468.441626, 1.01144346
1475.913086, 1.014104956
1483.384546, 1.00957946
1490.856006, 1.015184214
1498.327466, 1.006839707
1505.798926, 1.004370903
1513.27041, 1.001328832
1520.74187, 0.992481576
1528.21333, 0.987110079
1535.68479, 0.992776306
1543.15625, 0.997489753
1550.62771, 0.998683511
1558.09917, 1.004043663
1565.57063, 1.015901263
1573.04209, 1.018717931
1580.51355, 1.011375709
1587.98501, 1.006814864
1595.45647, 1.004385626
1602.92793, 0.997792709
1610.39939, 0.996683157
1617.87085, 1.000251766
1625.34231, 1.003208292
1632.81377, 1.007080781
1640.285229, 0.997001926
1647.756689, 0.994124232
1655.228149, 0.988950239
1662.699609, 0.995397979
1670.171069, 0.992952465
1677.642529, 1.008763119
1685.113989, 1.014324846
1692.585449, 1.016843977
1700.056909, 1.018006329
1707.528369, 1.020769166
1714.999829, 1.022697666
1722.471289, 1.014015523
1729.942749, 1.017987945
1737.414209, 1.008526967
1744.885669, 1.017531565
1752.357129, 1.013662673
1759.828589, 1.019678668
1767.300049, 1.018606756
1774.771509, 1.02249513
1782.242969, 1.018118674
1789.714429, 1.018325429
1797.185889, 1.009899994
1804.657349, 1.01024338
1812.128809, 1.008345649
1819.600269, 1.011407135
1827.071729, 0.99926595
1834.543188, 1.010210718
1842.014648, 1.015054618
1849.486108, 1.013996368
1856.957568, 1.011695791
1864.429028, 1.026526955
1871.900488, 1.02376497
1879.371948, 1.011691592
1886.843408, 1.016860053
1894.314868, 1.006553682
1901.786328, 0.992032611
1909.257788, 0.989292035
1916.729248, 0.995802728
1924.200708, 0.986344952
1931.672168, 0.996471853
1939.143628, 1.006428224
1946.615088, 1.006103503
1954.086572, 1.002704522
1961.558032, 1.011957484
1969.029492, 1.008706525
1976.500952, 1.010031531
1983.972412, 1.011270292
1991.443872, 1.014716639
1998.915332, 1.007965954
2006.386792, 0.998890999
2013.858252, 0.996671611
2021.329712, 0.991846972
2028.801172, 0.994075518
2036.272632, 0.998907631
2043.744092, 1.017986484
2051.215552, 1.009792222
2058.687012, 1.010338123
2066.158496, 1.010020984
2073.629932, 1.010684226
2081.101416, 0.991787655
2088.572852, 0.993417747
2096.044336, 0.993814084
2103.515771, 1.003757336
2110.987256, 1.000086729
2118.458691, 1.006448833
2125.930176, 1.013468948
2133.401611, 1.021219464
2140.873047, 1.000043923
2148.344482, 0.997009592
2155.815967, 0.992768859
2163.287451, 0.988972157
2170.758936, 0.987052481
2178.23042, 1.003403383
2185.701904, 1.010021874
2193.17334, 1.02842897
2200.644775, 1.037167927
2208.116211, 1.033548399
2215.587646, 1.041202111
2223.059082, 1.04694299
2230.530566, 1.035768666
2238.002051, 1.028608457
2245.473535, 1.029266698
2252.94502, 1.015479167
2260.416504, 0.998302575
2267.887939, 1.010170863
2275.359375, 1.007875349
2282.830811, 0.994060976
2290.302246, 1.007075979
2297.773682, 1.010484945
2305.245166, 1.000297428
2312.71665, 1.012236217
2320.188135, 1.02623431
2327.659619, 1.009322148
2335.131104, 1.007038427
2342.602539, 1.002115811
2350.073975, 0.990342015
2357.54541, 0.985687366
2365.016846, 0.986077058
2372.488281, 0.995391892
2379.959766, 0.997673488
2387.43125, 0.99925318
2394.902734, 1.011944973
2402.374219, 1.017888749
2409.845703, 1.013709413
2417.317139, 1.015483024
2424.788574, 1.020220727
2432.26001, 1.025537329
2439.731445, 1.018486948
2447.202881, 1.01485969
2454.674365, 1.016739986
2462.14585, 1.013276053
2469.617334, 1.004592156
2477.088818, 1.011282002
2484.560303, 1.01243754
2492.031738, 1.018151316
2499.503174, 1.023252082
2506.974609, 1.014523635
2514.446045, 1.01549053
2521.91748, 1.026913494
2529.388965, 1.018469994
2536.860449, 1.00558497
2544.331934, 1.008582977
2551.803418, 1.02546868
2559.274902, 1.026480025
2566.746338, 1.017473666
2574.217773, 1.032017046
2581.689209, 1.048124696
2589.160645, 1.028478825
2596.632129, 1.025485724
2604.103613, 1.034125147
2611.575098, 1.034067202
2619.046582, 1.017308255
2626.518066, 1.008034074
2633.989502, 0.996199261
2641.460938, 1.002904992
2648.932373, 0.985457802
2656.403809, 0.985223857
2663.875244, 0.989965777
2671.346729, 0.991917851
2678.818213, 0.976603952
2686.289697, 0.977770787
2693.761182, 0.983985277
2701.232666, 0.988935617
2708.704102, 0.989749572
2716.175537, 1.005933615
2723.646973, 1.010239118
2731.118408, 1.006811328
2738.589844, 1.020099051
2746.061328, 1.009134739
2753.532813, 1.002387259
2761.004297, 1.007438745
2768.475781, 1.018795081
2775.947266, 1.018694697
2783.418701, 1.03674037
2790.890137, 1.025144303
2798.361572, 1.024603397
2805.833008, 1.024982103
2813.304443, 1.021802058
2820.775928, 1.02973563
2828.247412, 1.053677311
2835.718896, 1.068238813
2843.190381, 1.053252047
2850.661865, 1.051618966
2858.133301, 1.053754392
2865.604736, 1.044607716
2873.076172, 1.029857057
2880.547607, 1.02615434
2888.019043, 1.00680937
2895.490527, 0.990910906
2902.962012, 1.004768825
2910.433496, 1.014160715
2917.90498, 1.028947088
2925.376465, 1.047327097
2932.8479, 1.04900299
2940.319336, 1.038302353
2947.790771, 1.041618986
2955.262207, 1.039608173
2962.733691, 1.014856428
2970.205176, 1.015271526
2977.67666, 1.024414606
2985.148145, 0.992845144
2992.619629, 0.975667418
3000.091064, 0.976622454
3007.5625, 0.962121572
3015.033936, 0.936135709
3022.505371, 0.965463956
3029.976807, 0.969173708
3037.448291, 0.986653533
3044.919775, 0.999804035
3052.39126, 1.014473667
3059.862744, 1.009053841
3067.334229, 1.034076534
3074.805664, 1.040165752
3082.2771, 1.022903921
3089.748535, 1.039154658
3097.219971, 1.022757418
3104.691406, 1.007681939
3112.162891, 1.019265098
3119.634375, 1.03229453
3127.105859, 1.015091218
3134.577344, 1.021218175
3142.048828, 1.003616484
3149.520264, 0.976646427
3156.991699, 0.996179985
3164.463135, 1.01595069
3171.93457, 1.024948862
3179.406006, 1.053109486
3186.87749, 1.069794966
3194.348975, 1.063422979
3201.820459, 1.03664399
3209.291943, 1.029537028
3216.763428, 1.027047979
3224.234863, 1.020348821
3231.706299, 1.006778541
3239.177734, 1.019708925
3246.64917, 1.009726245
3254.120605, 0.970945216
3261.59209, 0.962499067
3269.063574, 0.999750577
3276.535059, 0.966215774
3284.006543, 0.975370856
3291.478027, 1.000361136
3298.949463, 1.013185414
3306.420898, 0.976516179
3313.892334, 1.004706393
3321.36377, 1.050323488
3328.835205, 1.04324755
3336.306689, 1.043848094
3343.778174, 1.044211239
3351.249658, 1.040489989
3358.721143, 0.991126114
3366.192627, 0.993750101
3373.664063, 0.979437572
3381.135498, 0.979634206
3388.606934, 0.966256091
3396.078369, 0.971914142
3403.549854, 0.995726483
3411.021338, 1.001143224
3418.492822, 0.998297982
3425.964307, 0.99551063
3433.435791, 0.97859062
3440.907227, 0.972295312
3448.378662, 0.963419063
3455.850098, 0.975842975
3463.321533, 0.984180406
3470.792969, 1.016661335
3478.264453, 1.018874544
3485.735938, 1.029065122
3493.207422, 1.067039582
3500.678906, 1.068778727
3508.150391, 1.06219096
3515.621826, 1.05723823
3523.093262, 1.059716774
3530.564697, 1.012459314
3538.036133, 1.019817658
3545.507568, 1.010912466
3552.979053, 1.009717101
3560.450537, 1.000757939
3567.922021, 1.011922126
3575.393506, 1.004058362
3582.86499, 1.012092706
3590.336426, 0.999964319
3597.807861, 0.999267624
3605.279297, 0.987951189
3612.750732, 0.984606428
3620.222168, 0.990130278
3627.693652, 1.035260731
3635.165137, 1.054837492
3642.636621, 1.068574641
3650.108105, 1.098540044
3657.57959, 1.101604682
3665.051025, 1.052997898
3672.522461, 1.025226785
3679.993896, 1.022630055
3687.465332, 1.007507056
3694.936768, 0.992078813
3702.408252, 1.008016384
3709.879736, 1.025568875
3717.351221, 1.004971325
3724.822705, 1.009361968
3732.294189, 1.062427736
3739.765625, 1.040924326
3747.237061, 1.06205863
3754.708496, 1.098782189
3762.179932, 1.098904735
3769.651367, 1.034053219
3777.122852, 1.046439899
3784.594336, 1.024581307
3792.06582, 0.985186894
3799.537305, 0.964694246
3807.008789, 0.984680397
3814.480225, 0.979246029
3821.95166, 0.992297675
3829.423096, 1.003736352
3836.894531, 1.017839431
3844.366016, 1.035357467
3851.8375, 1.063018498
3859.308984, 1.024838822
3866.780469, 1.047320202
3874.251953, 1.070717078
3881.723389, 1.058027646
3889.194824, 1.036167141
3896.66626, 1.06834531
3904.137695, 1.035935751
3911.609131, 1.012981307
3919.080615, 0.991654053
3926.5521, 1.016780366
3934.023584, 1.00634769
3941.495068, 1.022913798
3948.966553, 1.021192008
3956.437988, 1.045346056
3963.909424, 0.997884406
3971.380859, 1.00049098
3978.852295, 0.989424315
3986.32373, 0.992262625
3993.795215, 0.988319076
4001.266699, 1.013433437
4008.738184, 1.053152124
4016.209668, 1.080704058
4023.681152, 1.081064247
4031.152588, 1.081216921
4038.624023, 1.072328628
4046.095459, 1.053616605
4053.566895, 1.084328583
4061.03833, 1.102585796
4068.509814, 1.093363111
4075.981299, 1.114356593
4083.452734, 1.098562316
4090.924219, 1.042205166
4098.395752, 1.014194583
4105.867188, 1.000710297
4113.338574, 0.986790399
4120.810059, 0.988357784
4128.281543, 1.031581954
4135.75293, 1.086956888
4143.224414, 1.137128713
4150.695898, 1.117685652
4158.167383, 1.164843044
4165.63877, 1.12854639
4173.110254, 1.115050763
4180.581738, 1.096737255
4188.053223, 1.13844412
4195.524707, 1.08005937
4202.996191, 1.082908765
4210.467676, 1.085840045
4217.939063, 1.099106626
4225.410547, 1.112734631
4232.881934, 1.125710642
4240.353418, 1.158598235
4247.824902, 1.112036217
4255.296387, 1.105470176
4262.767871, 1.095047468
4270.239355, 1.1220669
4277.71084, 1.099220832
4285.182227, 1.095614172
4292.653711, 1.06986273
4300.125098, 1.046285734
4307.596582, 1.000694262
4315.067969, 0.970036354
4322.539453, 0.978777326
4330.010938, 1.002644898
4337.482422, 1.004761599
4344.953906, 1.022747159
4352.425391, 1.037304984
4359.896875, 1.036340571
4367.368262, 1.012270081
4374.839746, 1.35512217
4382.311133, 1.332029791
4389.782617, 1.341082418
4397.254102, 1.304227012
4404.725586, 1.30771973
4412.19707, 0.980913365
4419.668555, 1.04403194
4427.140039, 1.03671426
4434.611426, 1.057860693
4442.08291, 1.065126603
4449.554297, 1.060774387
4457.025781, 1.021415335
4464.497168, 1.019231168
4471.968652, 1.013481904
4479.440137, 0.995095009
4486.911621, 0.971588585
4494.383105, 0.982194508
4501.85459, 0.995782779
4509.326074, 1.006939729
4516.797461, 1.00479139
4524.268945, 1.030999315
4531.740332, 1.014795158
4539.211816, 0.992201474
4546.683301, 0.999788326
4554.154785, 0.987284203
4561.62627, 0.952883667
4569.097754, 0.948710005
4576.569238, 0.960875851
4584.040625, 0.964427852
4591.512109, 1.007342008
4598.983496, 1.018972318
4606.45498, 1.009965747
4613.926465, 1.014851363
4621.397949, 1.092117766
4628.869434, 1.061507587
4636.340918, 1.067539436
4643.812402, 1.052708428
4651.283789, 1.078174524
4658.755273, 1.034119879
4666.22666, 1.06538182
4673.698145, 1.022300213
4681.169531, 1.031055769
4688.641016, 0.984634145
4696.1125, 0.999705438
4703.583984, 1.018839584
4711.055469, 1.094170425
4718.526953, 1.069210317
4725.998438, 1.04287992
4733.469824, 1.003682014
4740.941309, 0.981750488
4748.412695, 0.946603197
4755.88418, 1.035638001
4763.355664, 1.155052923
4770.827148, 1.164754627
4778.298633, 1.172996951
4785.770117, 1.141098715
4793.241602, 1.108874494
4800.712988, 1.093305203
4808.184473, 1.11432379
4815.655859, 1.162557619
4823.127344, 1.215196117
4830.59873, 1.190473696
4838.070215, 1.10161249
4845.541699, 1.118182979
4853.013184, 1.059785085
4860.484668, 1.080977576
4867.956152, 1.117268774
4875.427637, 1.176436099
4882.899023, 1.089016887
4890.370508, 1.111353649
4897.841895, 1.088661831
4905.313379, 1.036452938
4912.784863, 1.086796286
4920.256348, 1.133436578
4927.727832, 1.236987428
4935.199316, 1.240976773
4942.670801, 1.263471733
4950.142188, 1.409927177
4957.613672, 1.402788765
4965.085059, 1.247932247
4972.556543, 1.218354562
4980.02793, 1.283405237
4987.499414, 1.140908776
4994.970898, 1.131088744
5002.442383, 1.114296538
5009.913867, 1.123205991
5017.385352, 1.108903864
5024.856836, 1.067740535
5032.328223, 1.062544365
5039.799707, 1
5047.271094, 1
5054.742578, 1
5062.214063, 1
5069.685547, 1
5077.157031, 1.053785902
5084.628516, 1.016611125
5092.1, 1.026046267
5099.571387, 0.994987701
5107.042871, 1.009904317
5114.514258, 1.022807285
5121.985742, 1.111502513
5129.457227, 1.092459449
5136.928711, 1.082456288
5144.400195, 1.214709473
5151.87168, 1.172187081
5159.343164, 1.089765756
5166.814551, 1.098535039
5174.286035, 1.082591428
5181.757422, 1.432330527
5189.228906, 1.483734929
5196.700293, 1.49732427
5204.171777, 1.510291613
5211.643262, 1.658434865
5219.114746, 1.137012498
5226.58623, 1.155647787
5234.057715, 1.10274339
5241.529199, 1.075108368
5249.000586, 1.031953783
5256.47207, 1.13188219
5263.943457, 1.08733071
5271.414941, 1.149332206
5278.886426, 1.219331916
5286.35791, 1.133480848
5293.829395, 1.045890039
5301.300879, 1.043492904
5308.772363, 0.994495782
5316.24375, 0.97845401
5323.715234, 0.972391875
5331.186621, 1.053584317
5338.658105, 1.049951451
5346.129492, 1.059335836
5353.600977, 1.041910299
5361.072461, 1.228969025
5368.543945, 1.676619397
5376.01543, 1.760549544
5383.486914, 1
5390.958398, 1
5398.429785, 1
5405.90127, 1
5413.372656, 1
5420.844141, 0.95458987
5428.315625, 0.980994246
5435.787109, 1.091197961
5443.258594, 1.106926864
5450.730078, 1.104222579
5458.201563, 1.381810556
5465.672949, 1.346429782
5473.144434, 1.247086864
5480.61582, 1.268196374
5488.087305, 1.294258362
5495.558789, 1.084329716
5503.030273, 1.139612746
5510.501758, 1.15126987
5517.973242, 1.137520528
5525.444727, 1.071943419
5532.916113, 1
5540.387598, 1
5547.858984, 1
5555.330469, 1
5562.801855, 1
5570.27334, 1.027047372
5577.744824, 1.101977804
5585.216309, 1.11632898
5592.687793, 1
5600.159277, 1
5607.630762, 1
5615.102148, 1
5622.573633, 1
5630.04502, 0.916833788
5637.516504, 1
5644.987988, 1
5652.459473, 1
5659.930957, 1
5667.402441, 1
5674.873926, 1
5682.345313, 1
5689.816797, 1
5697.288184, 1
5704.759668, 1.23276278
5712.231055, 1.445993214
5719.702539, 1.405327082
5727.174023, 1.42484612
5734.645508, 1.520601459
5742.116992, 1.481220037
5749.588477, 1.12139967
5757.059961, 1.13372994
5764.531348, 1.074298915
5772.002832, 1.270961449
5779.474219, 1.248485528
5786.945703, 1.290993012
5794.417188, 1.281590308
5801.888672, 1.287597878
5809.360156, 1.184646675
5816.831641, 1.319835128
5824.303125, 1.342255655
5831.774512, 1.42250894
5839.245996, 1.543673304
5846.717383, 1.344444275
5854.188867, 1.261802703
5861.660352, 1.317327082
5869.131836, 1.204534301
5876.60332, 1
5884.074805, 1
5891.546289, 1
5899.017676, 1
5906.48916, 1
5913.960547, 1.077595471
5921.432031, 1.074689145
5928.903418, 1.077284252
5936.374902, 1
5943.846387, 1
5951.317871, 1
5958.789355, 1
5966.26084, 1
5973.732324, 1
5981.203711, 1
5988.675195, 1
5996.146582, 1
6003.618066, 1
6011.089551, 1
6018.561035, 1
6026.03252, 1
6033.504004, 1
6040.975488, 1
6048.446875, 1
6055.918359, 1
6063.389746, 1
6070.86123, 1
6078.332617, 1.992710765
6085.804102, 1.445551477
6093.275586, 1
6100.74707, 1
6108.218555, 1
6115.690039, 1
6123.161523, 1
6130.63291, 1
6138.104395, 1
6145.575781, 1
6153.047266, 1
6160.51875, 1
6167.990234, 1
6175.461719, 1
6182.933203, 1
6190.404688, 1
6197.876074, 1.060675768
6205.347559, 0.993264667
6212.818945, 0.99690052
6220.29043, 1.122935203
6227.761816, 1.070951235
6235.233301, 1.061754303
6242.704785, 1.109370623
6250.17627, 3.444140139
6257.647754, 3.645712861
6265.119238, 3.620882742
6272.590723, 3.62768431
6280.062109, 3.609753502
6287.533594, 1.224308232
6295.00498, 1.059120921
6302.476465, 1.093022682
6309.947949, 1.340588787
6317.419434, 1.365733425
6324.890918, 1.352803254
6332.362402, 1.33270511
6339.833887, 1.359860455
6347.305273, 1.10951977
6354.776758, 1.133561538
6362.248145, 1.184959325
6369.719629, 1.125016404
6377.191113, 1.066845074
6384.662598, 1.222710733
6392.134082, 1.154181918
6399.605566, 1.177105991
6407.077051, 1.114414665
6414.548438, 1.113424328
6422.019922, 0.951340642
6429.491309, 0.951561717
6436.962793, 0.899903244
6444.43418, 0.856621182
6451.905664, 0.887036384
6459.377148, 1
6466.848633, 1
6474.320117, 1
6481.791602, 1
6489.263086, 1
6496.734473, 1.337014015
6504.205957, 1.23510652
6511.677344, 1.196294574
6519.148828, 1.050583108
6526.620313, 1.184579879
6534.091797, 1.100533587
6541.563281, 1.167445563
6549.034766, 1.091826667
6556.50625, 1.223804512
6563.977637, 1
6571.449121, 1
6578.920508, 1
6586.391992, 1
6593.863379, 1
6601.334863, 1
6608.806348, 1.256911871
6616.277832, 1.182574456
6623.749316, 1.020892638
6631.220801, 0.988536559
6638.692285, 0.962027006
6646.163672, 1.329179527
6653.635156, 1
6661.106543, 1
6668.578027, 1
6676.049512, 1
6683.520996, 1
6690.99248, 1
6698.463965, 1
6705.935449, 1
6713.406836, 1
6720.87832, 1.354101742
6728.349707, 1.255000389
6735.821191, 1.23970808
6743.292676, 0.999219529
6750.76416, 1
6758.235645, 1
6765.707129, 1
6773.178613, 1
6780.65, 1
6788.121484, 1
6795.592871, 1
6803.064355, 1
6810.535742, 1
6818.007227, 1
6825.478711, 1
6832.950195, 1.404258369
6840.42168, 1.529649876
6847.893164, 1
6855.364648, 1
6862.836035, 1
6870.30752, 1
6877.778906, 1
6885.250391, 1.301426389
6892.721875, 1.07789214
6900.193359, 1.244964779
6907.664844, 1
6915.136328, 1
6922.607813, 1
6930.079199, 1
6937.550684, 1
6945.02207, 1
6952.493555, 1
6959.964941, 1
6967.436426, 1
6974.90791, 1
6982.379395, 1
6989.850879, 1
6997.322363, 1
7004.793848, 1
7012.265234, 1
7019.736719, 1
7027.208105, 1
7034.67959, 0.945126555
7042.151074, 1
7049.622559, 1
7057.094043, 1
7064.565527, 1
7072.037012, 1
7079.508398, 2.029293084
7086.979883, 1.850350393
7094.45127, 1.661189196
7101.922754, 1.501120703
7109.394238, 1
7116.865723, 1
7124.337207, 1
7131.808691, 1
7139.280176, 1
7146.751563, 1
7154.223047, 1
7161.694434, 1.010923771
7169.165918, 1.003999262
7176.637305, 0.906546138
7184.108789, 0.963984552
7191.580273, 0.984430055
7199.051758, 1.077792179
7206.523242, 1.102019146
7213.994727, 1
7221.466211, 1
7228.937598, 1
7236.409082, 1
7243.880469, 1
7251.351953, 1
7258.823438, 1
7266.294922, 1
7273.766406, 1
7281.237891, 1
7288.709375, 1
7296.180762, 1
7303.652246, 1
7311.123633, 1
7318.595117, 1
7326.066504, 1
7333.537988, 1
7341.009473, 1
7348.480957, 1.235195858
7355.952441, 1.066115503
7363.423926, 1
7370.89541, 1
7378.366797, 1
7385.838281, 1
7393.309668, 1
7400.781152, 1
7408.252637, 1
7415.724121, 1
7423.195605, 2.540733405
7430.66709, 2.55541037
7438.138574, 1.164538517
7445.609961, 1
7453.081445, 1
7460.552832, 1
7468.024316, 1
7475.495703, 1
7482.967188, 1.292672182
7490.438672, 1.101737964
7497.910156, 1
7505.381641, 1
7512.853125, 1
7520.324609, 1
7527.795996, 1
7535.26748, 1
7542.738867, 1
7550.210352, 1
7557.681836, 1
7565.15332, 1
7572.624805, 1
7580.096289, 1
7587.567773, 1
7595.03916, 1
7602.510645, 1
7609.982031, 1
7617.453516, 1
7624.925, 1
7632.396484, 1
7639.867969, 1
7647.339453, 1
7654.810938, 1
7662.282324, 1
7669.753809, 1
7677.225195, 1
7684.69668, 1
7692.168066, 1
7699.639551, 1
7707.111035, 1
7714.58252, 1
7722.054004, 1
7729.525488, 1
7736.996973, 1
7744.468359, 1
7751.939844, 1
7759.41123, 1
7766.882715, 1
7774.354199, 1
7781.825684, 1
7789.297168, 1
7796.768652, 1
7804.240137, 1
7811.711523, 1
7819.183008, 1
7826.654395, 1
7834.125879, 1
7841.597266, 1
7849.06875, 1
7856.540234, 1
7864.011719, 1
7871.483203, 1
7878.954688, 1
7886.426172, 1
7893.897559, 1
7901.369043, 1
7908.84043, 1
7916.311914, 1
7923.783398, 1
7931.254883, 1
7938.726367, 1
7946.197852, 1
7953.669336, 1.009462477
7961.140723, 1.02316153
7968.612207, 1
7976.083594, 1
7983.555078, 1
7991.026563, 1
7998.498047, 1
8005.969531, 1
8013.441016, 1
8020.9125, 1
8028.383887, 1
8035.855371, 1
8043.326758, 1
8050.798242, 1
8058.269629, 1
8065.741113, 1
8073.212598, 1
8080.684082, 1.059447768
8088.155566, 1.974563016
8095.627051, 1
8103.098535, 1
8110.569922, 1
8118.041406, 1
8125.512793, 1
8132.984277, 1
8140.455762, 1
8147.927246, 1
8155.39873, 1
8162.870215, 1
8170.341699, 1
8177.813086, 1
8185.28457, 1
8192.756055, 1
8200.227441, 1
8207.698828, 1
8215.170313, 1
8222.641797, 1
8230.113281, 1
8237.584766, 1
8245.05625, 1
8252.527734, 1
8259.999219, 1
8267.470508, 1
8274.941992, 1
8282.413477, 1
8289.884961, 1
8297.356445, 1
8304.82793, 1
8312.299414, 1
8319.770898, 1
8327.242383, 1
8334.713672, 1
8342.185156, 1
8349.656641, 1
8357.128125, 1
8364.599609, 1
8372.071094, 1
8379.542578, 1
8387.014063, 1
8394.485547, 1
8401.956836, 1
8409.42832, 1
8416.899805, 1
8424.371289, 1
8431.842773, 1
8439.314258, 1
8446.785742, 1
8454.257227, 1
8461.728711, 1
8469.2, 1
8476.671484, 1
8484.142969, 1
8491.614453, 1
8499.085742, 1
8506.557227, 1
8514.028711, 1
8521.500195, 1
8528.97168, 1
8536.443164, 1
8543.914648, 1
8551.386133, 1
8558.857617, 1
8566.328906, 1
8573.800391, 1
8581.271875, 1
8588.743359, 1
8596.214844, 1
8603.686328, 1
8611.157813, 1
8618.629297, 1
8626.100781, 1
8633.57207, 1
8641.043555, 1
8648.515039, 1
8655.986523, 1
8663.458008, 1
8670.929492, 1
8678.400977, 1
8685.872461, 1
8693.343945, 1
8700.815234, 1
8708.286719, 1
8715.758203, 1
8723.229688, 1
8730.701172, 1
8738.172656, 1
8745.644141, 1
8753.115625, 1
8760.587109, 1
8768.058398, 1
8775.529883, 1
8783.001367, 1
8790.472852, 1
8797.944336, 1
8805.41582, 1
8812.887305, 1
8820.358789, 1
8827.830273, 1
8835.301563, 1
8842.773047, 1
8850.244531, 1
8857.716016, 1
8865.187305, 1
8872.658789, 1
8880.130273, 1
8887.601758, 1
8895.073242, 1
8902.544727, 1
8910.016211, 1
8917.487695, 1
8924.95918, 1
8932.430469, 1
8939.901953, 1
8947.373438, 1
8954.844922, 1
8962.316406, 1
8969.787891, 1
8977.259375, 1
8984.730859, 1
8992.202344, 1
8999.673633, 1
9007.145117, 1
9014.616602, 1
9022.088086, 1
9029.55957, 1
9037.031055, 1
9044.502539, 1
9051.974023, 1
9059.445508, 1
9066.916797, 1
9074.388281, 1
9081.859766, 1
9089.33125, 1
9096.802734, 1
9104.274219, 1
9111.745703, 1
9119.217188, 1
9126.688672, 1
9134.159961, 1
9141.631445, 1
9149.10293, 1
9156.574414, 1
9164.045898, 1
9171.517383, 1
9178.988867, 1
9186.460352, 1
9193.931836, 1
9201.403125, 1
9208.874609, 1
9216.346094, 1
9223.817578, 1
9231.288867, 1
9238.760352, 1
9246.231836, 1
9253.70332, 1
9261.174805, 1
9268.646289, 1
9276.117773, 1
9283.589258, 1
9291.060742, 1
9298.532031, 1
9306.003516, 1
9313.475, 1
9320.946484, 1
9328.417969, 1
9335.889453, 1
9343.360938, 1
9350.832422, 1
9358.303906, 1
9365.775195, 1
9373.24668, 1
9380.718164, 1
9388.189648, 1
9395.661133, 1
9403.132617, 1
9410.604102, 1
9418.075586, 1
9425.54707, 1
9433.018359, 1
9440.489844, 1
9447.961328, 1
9455.432813, 1
9462.904297, 1
9470.375781, 1
9477.847266, 1
9485.31875, 1
9492.790234, 1
9500.261523, 1
9507.733008, 1
9515.204492, 1
9522.675977, 1
9530.147266, 1
9537.61875, 1
9545.090234, 1
9552.561719, 1
9560.033203, 1
9567.504688, 1
9574.976172, 1
9582.447656, 1
9589.919141, 1
9597.39043, 1
9604.861914, 1
9612.333398, 1
9619.804883, 1
9627.276367, 1
9634.747852, 1
9642.219336, 1
9649.69082, 1
9657.162305, 1
9664.633594, 1
9672.105078, 1
9679.576563, 1
9687.048047, 1
9694.519531, 1
9701.991016, 1
9709.4625, 1
9716.933984, 1
9724.405469, 1
9731.876758, 1
9739.348242, 1
9746.819727, 1
9754.291211, 1
9761.762695, 1
9769.23418, 1
9776.705664, 1
9784.177148, 1
9791.648633, 1
9799.119922, 1
9806.591406, 1
9814.062891, 1
9821.534375, 1
9829.005859, 1
9836.477344, 1
9843.948828, 1
9851.420313, 1
9858.891797, 1
9866.363086, 1
9873.83457, 1
9881.306055, 1
9888.777539, 1
9896.248828, 1
9903.720313, 1
9911.191797, 1
9918.663281, 1
9926.134766, 1
9933.60625, 1
9941.077734, 1
9948.549219, 1
9956.020703, 1
9963.491992, 1
9970.963477, 1
9978.434961, 1
9985.906445, 1
9993.37793, 1
10000.84941, 1
10008.3209, 1
10015.79238, 1
10023.26387, 1
10030.73516, 1
10038.20664, 1
10045.67813, 1
10053.14961, 1
10060.62109, 1
10068.09258, 1
10075.56406, 1
10083.03555, 1
10090.50703, 1
10097.97832, 1
10105.4498, 1
10112.92129, 1
10120.39277, 1
10127.86426, 1
10135.33574, 1
10142.80723, 1
10150.27871, 1
10157.7502, 1
10165.22148, 1
10172.69297, 1
10180.16445, 1
10187.63594, 1
10195.10742, 1
10202.57891, 1
10210.05039, 1
10217.52188, 1
10224.99336, 1
10232.46465, 1
10239.93613, 1
10247.40762, 1
10254.8791, 1
10262.35039, 1
10269.82188, 1
10277.29336, 1
10284.76484, 1
10292.23633, 1
10299.70781, 1
10307.1793, 1
10314.65078, 1
10322.12227, 1
10329.59355, 1
10337.06504, 1
10344.53652, 1
10352.00801, 1
10359.47949, 1
10366.95098, 1
10374.42246, 1
10381.89395, 1
10389.36543, 1
10396.83672, 1
10404.3082, 1
10411.77969, 1
10419.25117, 1
10426.72266, 1
10434.19414, 1
10441.66563, 1
10449.13711, 1
10456.60859, 1
10464.07988, 1
10471.55137, 1
10479.02285, 1
10486.49434, 1
10493.96582, 1
10501.4373, 1
10508.90879, 1
10516.38027, 1
10523.85176, 1
10531.32305, 1
10538.79453, 1
10546.26602, 1
10553.7375, 1
10561.20898, 1
10568.68047, 1
10576.15195, 1
10583.62344, 1
10591.09492, 1
10598.56621, 1
10606.0377, 1
10613.50918, 1
10620.98066, 1
10628.45195, 1
10635.92344, 1
10643.39492, 1
10650.86641, 1
10658.33789, 1
10665.80938, 1
10673.28086, 1
10680.75234, 1
10688.22383, 1
10695.69512, 1
10703.1666, 1
10710.63809, 1
10718.10957, 1
10725.58105, 1
10733.05254, 1
10740.52402, 1
10747.99551, 1
10755.46699, 1
10762.93828, 1
10770.40977, 1
10777.88125, 1
10785.35273, 1
10792.82422, 1
10800.2957, 1
10807.76719, 1
10815.23867, 1
10822.71016, 1
10830.18145, 1
10837.65293, 1
10845.12441, 1
10852.5959, 1
10860.06738, 1
10867.53887, 1
10875.01035, 1
10882.48184, 1
10889.95332, 1
10897.42461, 1
10904.89609, 1
10912.36758, 1
10919.83906, 1
10927.31055, 1
10934.78203, 1
10942.25352, 1
10949.725, 1
10957.19648, 1
10964.66777, 1
10972.13926, 1
10979.61074, 1
10987.08223, 1
10994.55352, 1
11002.025, 1
11009.49648, 1
11016.96797, 1
11024.43945, 1
11031.91094, 1
11039.38242, 1
11046.85391, 1
11054.32539, 1
11061.79668, 1
11069.26816, 1
11076.73965, 1
11084.21113, 1
11091.68262, 1
11099.1541, 1
11106.62559, 1
11114.09707, 1
11121.56855, 1
11129.03984, 1
11136.51133, 1
11143.98281, 1
11151.4543, 1
11158.92578, 1
11166.39727, 1
11173.86875, 1
11181.34023, 1
11188.81172, 1
11196.28301, 1
11203.75449, 1
11211.22598, 1
11218.69746, 1
11226.16895, 1
11233.64043, 1
11241.11191, 1
11248.5834, 1
11256.05488, 1
11263.52617, 1
11270.99766, 1
11278.46914, 1
11285.94063, 1
11293.41211, 1
11300.88359, 1
11308.35508, 1
11315.82656, 1
11323.29805, 1
11330.76934, 1
11338.24082, 1
11345.7123, 1
11353.18379, 1
11360.65508, 1
11368.12656, 1
11375.59805, 1
11383.06953, 1
11390.54102, 1
11398.0125, 1
11405.48398, 1
11412.95547, 1
11420.42695, 1
11427.89824, 1
11435.36973, 1
11442.84121, 1
11450.3127, 1
11457.78418, 1
11465.25566, 1
11472.72715, 1
11480.19863, 1
11487.67012, 1
11495.14141, 1
11502.61289, 1
11510.08438, 1
11517.55586, 1
11525.02734, 1
11532.49883, 1
11539.97031, 1
11547.4418, 1
11554.91328, 1
11562.38457, 1
11569.85605, 1
11577.32754, 1
11584.79902, 1
11592.27051, 1
11599.74199, 1
11607.21348, 1
11614.68496, 1
11622.15645, 1
11629.62773, 1
11637.09922, 1
11644.5707, 1
11652.04219, 1
11659.51367, 1
11666.98516, 1
11674.45664, 1
11681.92813, 1
11689.39961, 1
11696.8709, 1
11704.34238, 1
11711.81387, 1
11719.28535, 1
11726.75664, 1
11734.22813, 1
11741.69961, 1
11749.17109, 1
11756.64258, 1
11764.11406, 1
11771.58555, 1
11779.05703, 1
11786.52852, 1
11793.9998, 1
11801.47129, 1
11808.94277, 1
11816.41426, 1
11823.88574, 1
11831.35723, 1
11838.82871, 1
11846.3002, 1
11853.77168, 1
11861.24297, 1
11868.71445, 1
11876.18594, 1
11883.65742, 1
11891.12891, 1
11898.60039, 1
11906.07188, 1
11913.54336, 1
11921.01484, 1
11928.48613, 1
11935.95762, 1
11943.4291, 1
11950.90059, 1
11958.37207, 1
11965.84355, 1
11973.31504, 1
11980.78652, 1
11988.25801, 1
11995.7293, 1
12003.20078, 1
12010.67227, 1
12018.14375, 1
12025.61504, 1
12033.08652, 1
12040.55801, 1
12048.02949, 1
12055.50098, 1
12062.97246, 1
12070.44395, 1
12077.91543, 1
12085.38691, 1
12092.8582, 1
12100.32969, 1
12107.80117, 1
12115.27266, 1
12122.74414, 1
12130.21563, 1
12137.68711, 1
12145.15859, 1
12152.63008, 1
12160.10137, 1
12167.57285, 1
12175.04434, 1
12182.51582, 1
12189.9873, 1
12197.45879, 1
12204.93027, 1
12212.40176, 1
12219.87324, 1
12227.34453, 1
12234.81602, 1
12242.2875, 1
12249.75898, 1
12257.23047, 1
12264.70195, 1
12272.17344, 1
12279.64492, 1
12287.11641, 1
12294.5877, 1
12302.05918, 1
12309.53066, 1
12317.00215, 1
12324.47363, 1
12331.94512, 1
12339.4166, 1
12346.88809, 1
12354.35957, 1
12361.83086, 1
12369.30234, 1
12376.77383, 1
12384.24531, 1
12391.7166, 1
12399.18809, 1
12406.65957, 1
12414.13105, 1
12421.60254, 1
12429.07402, 1
12436.54551, 1
12444.01699, 1
12451.48848, 1
12458.95977, 1
12466.43125, 1
12473.90273, 1
12481.37422, 1
12488.8457, 1
12496.31719, 1
12503.78867, 1
12511.26016, 1
12518.73164, 1
12526.20293, 1
12533.67441, 1
12541.1459, 1
12548.61738, 1
12556.08887, 1
12563.56035, 1
12571.03184, 1
12578.50332, 1
12585.9748, 1
12593.44609, 1
12600.91758, 1
12608.38906, 1
12615.86055, 1
12623.33203, 1
12630.80352, 1
12638.275, 1
12645.74648, 1
12653.21797, 1
12660.68926, 1
12668.16074, 1
12675.63223, 1
12683.10371, 1
12690.5752, 1
12698.04668, 1
12705.51816, 1
12712.98965, 1
12720.46113, 1
12727.93242, 1
12735.40391, 1
12742.87539, 1
12750.34688, 1
12757.81816, 1
12765.28965, 1
12772.76113, 1
12780.23262, 1
12787.7041, 1
12795.17559, 1
12802.64707, 1
12810.11855, 1
12817.59004, 1
12825.06133, 1
12832.53281, 1
12840.0043, 1
12847.47578, 1
12854.94727, 1
12862.41875, 1
12869.89023, 1
12877.36172, 1
12884.8332, 1
12892.30449, 1
12899.77598, 1
12907.24746, 1
12914.71895, 1
12922.19043, 1
12929.66191, 1
12937.1334, 1
12944.60488, 1
12952.07637, 1
12959.54766, 1
12967.01914, 1
12974.49063, 1
12981.96211, 1
12989.43359, 1
12996.90508, 1
13004.37656, 1
13011.84805, 1
13019.31953, 1
13026.79082, 1
13034.2623, 1
13041.73379, 1
13049.20527, 1
13056.67676, 1
13064.14824, 1
13071.61973, 1
13079.09121, 1
13086.5627, 1
13094.03398, 1
13101.50547, 1
13108.97695, 1
13116.44844, 1
13123.91973, 1
13131.39121, 1
13138.8627, 1
13146.33418, 1
13153.80566, 1
13161.27715, 1
13168.74863, 1
13176.22012, 1
13183.6916, 1
13191.16289, 1
13198.63438, 1
13206.10586, 1
13213.57734, 1
13221.04883, 1
13228.52031, 1
13235.9918, 1
13243.46328, 1
13250.93477, 1
13258.40605, 1
13265.87754, 1
13273.34902, 1
13280.82051, 1
13288.29199, 1
13295.76348, 1
13303.23496, 1
13310.70645, 1
13318.17793, 1
13325.64922, 1
13333.1207, 1
13340.59219, 1
13348.06367, 1
13355.53516, 1
13363.00664, 1
13370.47813, 1
13377.94961, 1
13385.42109, 1
13392.89238, 1
13400.36387, 1
13407.83535, 1
13415.30684, 1
13422.77832, 1
13430.2498, 1
13437.72129, 1
13445.19277, 1
13452.66426, 1
13460.13555, 1
13467.60703, 1
13475.07852, 1
13482.55, 1
13490.02129, 1
13497.49277, 1
13504.96426, 1
13512.43574, 1
13519.90723, 1
13527.37871, 1
13534.8502, 1
13542.32168, 1
13549.79316, 1
13557.26445, 1
13564.73594, 1
13572.20742, 1
13579.67891, 1
13587.15039, 1
13594.62188, 1
13602.09336, 1
13609.56484, 1
13617.03633, 1
13624.50762, 1
13631.9791, 1
13639.45059, 1
13646.92207, 1
13654.39355, 1
13661.86504, 1
13669.33652, 1
13676.80801, 1
13684.27949, 1
13691.75078, 1
13699.22227, 1
13706.69375, 1
13714.16523, 1
13721.63672, 1
13729.1082, 1
13736.57969, 1
13744.05117, 1
13751.52266, 1
13758.99395, 1
13766.46543, 1
13773.93691, 1
13781.4084, 1
13788.87988, 1
13796.35137, 1
13803.82285, 1
13811.29434, 1
13818.76582, 1
13826.23711, 1
13833.70859, 1
13841.18008, 1
13848.65156, 1
13856.12285, 1
13863.59434, 1
13871.06582, 1
13878.5373, 1
13886.00879, 1
13893.48027, 1
13900.95176, 1
13908.42324, 1
13915.89473, 1
13923.36602, 1
13930.8375, 1
13938.30898, 1
13945.78047, 1
13953.25195, 1
13960.72344, 1
13968.19492, 1
13975.66641, 1
13983.13789, 1
13990.60918, 1
13998.08066, 1
14005.55215, 1
14013.02363, 1
14020.49512, 1
14027.9666, 1
14035.43809, 1
14042.90957, 1
14050.38105, 1
14057.85234, 1
14065.32383, 1
14072.79531, 1
14080.2668, 1
14087.73828, 1
14095.20977, 1
14102.68125, 1
14110.15273, 1
14117.62422, 1
14125.09551, 1
14132.56699, 1
14140.03848, 1
14147.50996, 1
14154.98145, 1
14162.45293, 1
14169.92441, 1
14177.3959, 1
14184.86738, 1
14192.33867, 1
14199.81016, 1
14207.28164, 1
14214.75313, 1
14222.22441, 1
14229.6959, 1
14237.16738, 1
14244.63887, 1
14252.11035, 1
14259.58184, 1
14267.05332, 1
14274.5248, 1
14281.99629, 1
14289.46758, 1
14296.93906, 1
14304.41055, 1
14311.88203, 1
14319.35352, 1
14326.825, 1
14334.29648, 1
14341.76797, 1
14349.23945, 1
14356.71074, 1
14364.18223, 1
14371.65371, 1
14379.1252, 1
14386.59668, 1
14394.06816, 1
14401.53965, 1
14409.01113, 1
14416.48262, 1
14423.95391, 1
14431.42539, 1
14438.89688, 1
14446.36836, 1
14453.83984, 1
14461.31133, 1
14468.78281, 1
14476.2543, 1
14483.72578, 1
14491.19707, 1
14498.66855, 1
14506.14004, 1
14513.61152, 1
14521.08281, 1
14528.5543, 1
14536.02578, 1
14543.49727, 1
14550.96875, 1
14558.44023, 1
14565.91172, 1
14573.3832, 1
14580.85469, 1
14588.32598, 1
14595.79746, 1
14603.26895, 1
14610.74043, 1
14618.21191, 1
14625.6834, 1
14633.15488, 1
14640.62637, 1
14648.09785, 1
14655.56914, 1
14663.04063, 1
14670.51211, 1
14677.98359, 1
14685.45508, 1
14692.92656, 1
14700.39805, 1
14707.86953, 1
14715.34102, 1
14722.8123, 1
14730.28379, 1
14737.75527, 1
14745.22676, 1
14752.69824, 1
14760.16973, 1
14767.64121, 1
14775.1127, 1
14782.58418, 1
14790.05547, 1
14797.52695, 1
14804.99844, 1
14812.46992, 1
14819.94141, 1
14827.41289, 1
14834.88438, 1
14842.35586, 1
14849.82734, 1
14857.29863, 1
14864.77012, 1
14872.2416, 1
14879.71309, 1
14887.18438, 1
14894.65586, 1
14902.12734, 1
14909.59883, 1
14917.07031, 1
14924.5418, 1
14932.01328, 1
14939.48477, 1
14946.95625, 1
14954.42754, 1
14961.89902, 1
14969.37051, 1
14976.84199, 1
14984.31348, 1
14991.78496, 1
14999.25645, 1
15006.72793, 1
15014.19941, 1
15021.6707, 1
15029.14219, 1
15036.61367, 1
15044.08516, 1
15051.55664, 1
15059.02813, 1
15066.49961, 1
15073.97109, 1
15081.44258, 1
15088.91387, 1
15096.38535, 1
15103.85684, 1
15111.32832, 1
15118.7998, 1
15126.27129, 1
15133.74277, 1
15141.21426, 1
15148.68574, 1
15156.15703, 1
15163.62852, 1
15171.1, 1
15178.57148, 1
15186.04297, 1
15193.51445, 1
15200.98594, 1
15208.45742, 1
15215.92891, 1
15223.4002, 1
15230.87168, 1
15238.34316, 1
15245.81465, 1
15253.28594, 1
15260.75742, 1
15268.22891, 1
15275.70039, 1
15283.17188, 1
15290.64336, 1
15298.11484, 1
15305.58633, 1
15313.05781, 1
15320.5291, 1
15328.00059, 1
15335.47207, 1
15342.94355, 1
15350.41504, 1
15357.88652, 1
15365.35801, 1
15372.82949, 1
15380.30098, 1
15387.77227, 1
15395.24375, 1
15402.71523, 1
15410.18672, 1
15417.6582, 1
15425.12969, 1
15432.60117, 1
15440.07266, 1
15447.54414, 1
15455.01543, 1
15462.48691, 1
15469.9584, 1
15477.42988, 1
15484.90137, 1
15492.37285, 1
15499.84434, 1
15507.31582, 1
15514.7873, 1
15522.25859, 1
15529.73008, 1
15537.20156, 1
15544.67305, 1
15552.14453, 1
15559.61602, 1
15567.0875, 1
15574.55898, 1
15582.03047, 1
15589.50176, 1
15596.97324, 1
15604.44473, 1
15611.91621, 1
15619.3875, 1
15626.85898, 1
15634.33047, 1
15641.80195, 1
15649.27344, 1
15656.74492, 1
15664.21641, 1
15671.68789, 1
15679.15938, 1
15686.63066, 1
15694.10215, 1
15701.57363, 1
15709.04512, 1
15716.5166, 1
15723.98809, 1
15731.45957, 1
15738.93105, 1
15746.40254, 1
15753.87383, 1
15761.34531, 1
15768.8168, 1
15776.28828, 1
15783.75977, 1
15791.23125, 1
15798.70273, 1
15806.17422, 1
15813.6457, 1
15821.11699, 1
15828.58848, 1
15836.05996, 1
15843.53145, 1
15851.00293, 1
15858.47441, 1
15865.9459, 1
15873.41738, 1
15880.88887, 1
15888.36016, 1
15895.83164, 1
15903.30313, 1
15910.77461, 1
15918.24609, 1
15925.71758, 1
15933.18906, 1
15940.66055, 1
15948.13203, 1
15955.60332, 1
15963.0748, 1
15970.54629, 1
15978.01777, 1
15985.48906, 1
15992.96055, 1
16000.43203, 1
16007.90352, 1
16015.375, 1
16022.84648, 1
16030.31797, 1
16037.78945, 1
16045.26094, 1
16052.73223, 1
16060.20371, 1
16067.6752, 1
16075.14668, 1
16082.61816, 1
16090.08965, 1
16097.56113, 1
16105.03262, 1
16112.5041, 1
16119.97539, 1
16127.44688, 1
16134.91836, 1
16142.38984, 1
16149.86133, 1
16157.33281, 1
16164.8043, 1
16172.27578, 1
16179.74727, 1
16187.21855, 1
16194.69004, 1
16202.16152, 1
16209.63301, 1
16217.10449, 1
16224.57598, 1
16232.04746, 1
16239.51895, 1
16246.99043, 1
16254.46172, 1
16261.9332, 1
16269.40469, 1
16276.87617, 1
16284.34766, 1
16291.81914, 1
16299.29063, 1
16306.76211, 1
16314.23359, 1
16321.70488, 1
16329.17637, 1
16336.64785, 1
16344.11934, 1
16351.59063, 1
16359.06211, 1
16366.53359, 1
16374.00527, 1
16381.47676, 1
16388.94824, 1
16396.41992, 1
16403.89141, 1
16411.3625, 1
16418.83398, 1
16426.30547, 1
16433.77656, 1
16441.24805, 1
16448.71953, 1
16456.19102, 1
16463.6625, 1
16471.13398, 1
16478.60547, 1
16486.07695, 1
16493.54844, 1
16501.01992, 1
16508.49141, 1
16515.96289, 1
16523.43438, 1
16530.90586, 1
16538.37734, 1
16545.84883, 1
16553.32031, 1
16560.7918, 1
16568.26289, 1
16575.73438, 1
16583.20586, 1
16590.67734, 1
16598.14883, 1
16605.62031, 1
16613.0918, 1
16620.56328, 1
16628.03477, 1
16635.50625, 1
16642.97773, 1
16650.44922, 1
16657.9207, 1
16665.39219, 1
16672.86367, 1
16680.33516, 1
16687.80664, 1
16695.27813, 1
16702.74922, 1
16710.2207, 1
16717.69219, 1
16725.16367, 1
16732.63516, 1
16740.10664, 1
16747.57813, 1
16755.04961, 1
16762.52109, 1
16769.99258, 1
16777.46406, 1
16784.93555, 1
16792.40703, 1
16799.87852, 1
16807.35, 1
16814.82148, 1
16822.29297, 1
16829.76445, 1
16837.23555, 1
16844.70703, 1
16852.17852, 1
16859.65, 1
16867.12148, 1
16874.59297, 1
16882.06445, 1
16889.53594, 1
16897.00742, 1
16904.47891, 1
16911.95039, 1
16919.42188, 1
16926.89336, 1
16934.36445, 1
16941.83594, 1
16949.30742, 1
16956.77891, 1
16964.25039, 1
16971.72188, 1
16979.19336, 1
16986.66484, 1
16994.13633, 1
17001.60781, 1
17009.0793, 1
17016.55078, 1
17024.02227, 1
17031.49375, 1
17038.96523, 1
17046.43672, 1
17053.9082, 1
17061.37969, 1
17068.85078, 1
17076.32227, 1
17083.79375, 1
17091.26523, 1
17098.73672, 1
17106.2082, 1
17113.67969, 1
17121.15117, 1
17128.62266, 1
17136.09414, 1
17143.56563, 1
17151.03711, 1
17158.50859, 1
17165.98008, 1
17173.45156, 1
17180.92305, 1
17188.39453, 1
17195.86602, 1
17203.33711, 1
17210.80859, 1
17218.28008, 1
17225.75156, 1
17233.22305, 1
17240.69453, 1
17248.16602, 1
17255.6375, 1
17263.10898, 1
17270.58047, 1
17278.05195, 1
17285.52344, 1
17292.99492, 1
17300.46602, 1
17307.9375, 1
17315.40898, 1
17322.88047, 1
17330.35195, 1
17337.82344, 1
17345.29492, 1
17352.76641, 1
17360.23789, 1
17367.70938, 1
17375.18086, 1
17382.65234, 1
17390.12383, 1
17397.59531, 1
17405.0668, 1
17412.53828, 1
17420.00977, 1
17427.48125, 1
17434.95234, 1
17442.42383, 1
17449.89531, 1
17457.3668, 1
17464.83828, 1
17472.30977, 1
17479.78125, 1
17487.25273, 1
17494.72422, 1
17502.1957, 1
17509.66719, 1
17517.13867, 1
17524.61016, 1
17532.08164, 1
17539.55313, 1
17547.02461, 1
17554.49609, 1
17561.96758, 1
17569.43867, 1
17576.91016, 1
17584.38164, 1
17591.85313, 1
17599.32461, 1
17606.79609, 1
17614.26758, 1
17621.73906, 1
17629.21055, 1
17636.68203, 1
17644.15352, 1
17651.625, 1
17659.09648, 1
17666.56758, 1
17674.03906, 1
17681.51055, 1
17688.98203, 1
17696.45352, 1
17703.925, 1
17711.39648, 1
17718.86797, 1
17726.33945, 1
17733.81094, 1
17741.28242, 1
17748.75391, 1
17756.22539, 1
17763.69688, 1
17771.16836, 1
17778.63984, 1
17786.11133, 1
17793.58281, 1
17801.05391, 1
17808.52539, 1
17815.99688, 1
17823.46836, 1
17830.93984, 1
17838.41133, 1
17845.88281, 1
17853.3543, 1
17860.82578, 1
17868.29727, 1
17875.76875, 1
17883.24023, 1
17890.71172, 1
17898.1832, 1
17905.65469, 1
17913.12617, 1
17920.59766, 1
17928.06914, 1
17935.54023, 1
17943.01172, 1
17950.4832, 1
17957.95469, 1
17965.42617, 1
17972.89766, 1
17980.36914, 1
17987.84063, 1
17995.31211, 1
18002.78359, 1
18010.25508, 1
18017.72656, 1
18025.19805, 1
18032.66914, 1
18040.14063, 1
18047.61211, 1
18055.08359, 1
18062.55508, 1
18070.02656, 1
18077.49805, 1
18084.96953, 1
18092.44102, 1
18099.9125, 1
18107.38398, 1
18114.85547, 1
18122.32695, 1
18129.79844, 1
18137.26992, 1
18144.74141, 1
18152.21289, 1
18159.68438, 1
18167.15547, 1
18174.62695, 1
18182.09844, 1
18189.56992, 1
18197.04141, 1
18204.51289, 1
18211.98438, 1
18219.45586, 1
18226.92734, 1
18234.39883, 1
18241.87031, 1
18249.3418, 1
18256.81328, 1
18264.28477, 1
18271.75625, 1
18279.22773, 1
18286.69922, 1
18294.1707, 1
18301.6418, 1
18309.11328, 1
18316.58477, 1
18324.05625, 1
18331.52773, 1
18338.99922, 1
18346.4707, 1
18353.94219, 1
18361.41367, 1
18368.88516, 1
18376.35664, 1
18383.82813, 1
18391.29961, 1
18398.7707, 1
18406.24219, 1
18413.71367, 1
18421.18516, 1
18428.65664, 1
18436.12813, 1
18443.59961, 1
18451.07109, 1
18458.54258, 1
18466.01406, 1
18473.48555, 1
18480.95703, 1
18488.42852, 1
18495.9, 1
18503.37148, 1
18510.84297, 1
18518.31445, 1
18525.78594, 1
18533.25703, 1
18540.72852, 1
18548.2, 1
18555.67148, 1
18563.14297, 1
18570.61445, 1
18578.08594, 1
18585.55742, 1
18593.02891, 1
18600.50039, 1
18607.97188, 1
18615.44336, 1
18622.91484, 1
18630.38594, 1
18637.85742, 1
18645.32891, 1
18652.80039, 1
18660.27188, 1
18667.74336, 1
18675.21484, 1
18682.68633, 1
18690.15781, 1
18697.6293, 1
18705.10078, 1
18712.57227, 1
18720.04375, 1
18727.51523, 1
18734.98672, 1
18742.4582, 1
18749.92969, 1
18757.40117, 1
18764.87227, 1
18772.34375, 1
18779.81523, 1
18787.28672, 1
18794.7582, 1
18802.22969, 1
18809.70117, 1
18817.17266, 1
18824.64414, 1
18832.11563, 1
18839.58711, 1
18847.05859, 1
18854.53008, 1
18862.00156, 1
18869.47305, 1
18876.94453, 1
18884.41602, 1
18891.8875, 1
18899.35859, 1
18906.83008, 1
18914.30156, 1
18921.77305, 1
18929.24453, 1
18936.71602, 1
18944.1875, 1
18951.65898, 1
18959.13047, 1
18966.60195, 1
18974.07344, 1
18981.54492, 1
18989.01641, 1
18996.4875, 1
19003.95898, 1
19011.43047, 1
19018.90195, 1
19026.37344, 1
19033.84492, 1
19041.31641, 1
19048.78789, 1
19056.25938, 1
19063.73086, 1
19071.20234, 1
19078.67383, 1
19086.14531, 1
19093.6168, 1
19101.08828, 1
19108.55977, 1
19116.03125, 1
19123.50273, 1
19130.97383, 1
19138.44531, 1
19145.9168, 1
19153.38828, 1
19160.85977, 1
19168.33125, 1
19175.80273, 1
19183.27422, 1
19190.7457, 1
19198.21719, 1
19205.68867, 1
19213.16016, 1
19220.63164, 1
19228.10313, 1
19235.57461, 1
19243.04609, 1
19250.51758, 1
19257.98906, 1
19265.46016, 1
19272.93164, 1
19280.40313, 1
19287.87461, 1
19295.34609, 1
19302.81758, 1
19310.28906, 1
19317.76055, 1
19325.23203, 1
19332.70352, 1
19340.175, 1
19347.64648, 1
19355.11797, 1
19362.58906, 1
19370.06055, 1
19377.53203, 1
19385.00352, 1
19392.475, 1
19399.94648, 1
19407.41797, 1
19414.88945, 1
19422.36094, 1
19429.83242, 1
19437.30391, 1
19444.77539, 1
19452.24688, 1
19459.71836, 1
19467.18984, 1
19474.66133, 1
19482.13281, 1
19489.6043, 1
19497.07539, 1
19504.54688, 1
19512.01836, 1
19519.48984, 1
19526.96133, 1
19534.43281, 1
19541.9043, 1
19549.37578, 1
19556.84727, 1
19564.31875, 1
19571.79023, 1
19579.26172, 1
19586.7332, 1
19594.20469, 1
19601.67617, 1
19609.14766, 1
19616.61914, 1
19624.09063, 1
19631.56172, 1
19639.0332, 1
19646.50469, 1
19653.97617, 1
19661.44766, 1
19668.91914, 1
19676.39063, 1
19683.86211, 1
19691.33359, 1
19698.80508, 1
19706.27656, 1
19713.74805, 1
19721.21953, 1
19728.69063, 1
19736.16211, 1
19743.63359, 1
19751.10508, 1
19758.57656, 1
19766.04805, 1
19773.51953, 1
19780.99102, 1
19788.4625, 1
19795.93398, 1
19803.40547, 1
19810.87695, 1
19818.34844, 1
19825.81992, 1
19833.29141, 1
19840.76289, 1
19848.23438, 1
19855.70586, 1
19863.17695, 1
19870.64844, 1
19878.11992, 1
19885.59141, 1
19893.06289, 1
19900.53438, 1
19908.00586, 1
19915.47734, 1
19922.94883, 1
19930.42031, 1
19937.8918, 1
19945.36328, 1
19952.83477, 1
19960.30625, 1
19967.77773, 1
19975.24922, 1
19982.7207, 1
19990.19219, 1
19997.66328, 1
20005.13477, 1
20012.60625, 1
20020.07773, 1
20027.54922, 1
20035.0207, 1
20042.49219, 1
20049.96367, 1
20057.43516, 1
20064.90664, 1
20072.37813, 1
20079.84961, 1
20087.32109, 1
20094.79219, 1
20102.26367, 1
20109.73516, 1
20117.20664, 1
20124.67813, 1
20132.14961, 1
20139.62109, 1
20147.09258, 1
20154.56406, 1
20162.03555, 1
20169.50703, 1
20176.97852, 1
20184.45, 1
20191.92148, 1
20199.39297, 1
20206.86445, 1
20214.33594, 1
20221.80742, 1
20229.27852, 1
20236.75, 1
20244.22148, 1
20251.69297, 1
20259.16445, 1
20266.63594, 1
20274.10742, 1
20281.57891, 1
20289.05039, 1
20296.52188, 1
20303.99336, 1
20311.46484, 1
20318.93633, 1
20326.40781, 1
20333.8793, 1
20341.35078, 1
20348.82227, 1
20356.29375, 1
20363.76484, 1
20371.23633, 1
20378.70781, 1
20386.1793, 1
20393.65078, 1
20401.12227, 1
20408.59375, 1
20416.06523, 1
20423.53672, 1
20431.0082, 1
20438.47969, 1
20445.95117, 1
20453.42266, 1
20460.89375, 1
20468.36523, 1
20475.83672, 1
20483.3082, 1
20490.77969, 1
20498.25117, 1
20505.72266, 1
20513.19414, 1
20520.66563, 1
20528.13711, 1
20535.60859, 1
20543.08008, 1
20550.55156, 1
20558.02305, 1
20565.49453, 1
20572.96602, 1
20580.4375, 1
20587.90898, 1
20595.38008, 1
20602.85156, 1
20610.32305, 1
20617.79453, 1
20625.26602, 1
20632.7375, 1
20640.20898, 1
20647.68047, 1
20655.15195, 1
20662.62344, 1
20670.09492, 1
20677.56641, 1
20685.03789, 1
20692.50938, 1
20699.98086, 1
20707.45234, 1
20714.92383, 1
20722.39531, 1
20729.86641, 1
20737.33789, 1
20744.80938, 1
20752.28086, 1
20759.75234, 1
20767.22383, 1
20774.69531, 1
20782.1668, 1
20789.63828, 1
20797.10977, 1
20804.58125, 1
20812.05273, 1
20819.52422, 1
20826.99531, 1
20834.4668, 1
20841.93828, 1
20849.40977, 1
20856.88125, 1
20864.35273, 1
20871.82422, 1
20879.2957, 1
20886.76719, 1
20894.23867, 1
20901.71016, 1
20909.18164, 1
20916.65313, 1
20924.12461, 1
20931.59609, 1
20939.06758, 1
20946.53906, 1
20954.01055, 1
20961.48164, 1
20968.95313, 1
20976.42461, 1
20983.89609, 1
20991.36758, 1
20998.83906, 1
21006.31055, 1
21013.78203, 1
21021.25352, 1
21028.725, 1
21036.19648, 1
21043.66797, 1
21051.13945, 1
21058.61094, 1
21066.08242, 1
21073.55391, 1
21081.02539, 1
21088.49688, 1
21095.96797, 1
21103.43945, 1
21110.91094, 1
21118.38242, 1
21125.85391, 1
21133.32539, 1
21140.79688, 1
21148.26836, 1
21155.73984, 1
21163.21133, 1
21170.68281, 1
21178.1543, 1
21185.62578, 1
21193.09688, 1
21200.56836, 1
21208.03984, 1
21215.51133, 1
21222.98281, 1
21230.4543, 1
21237.92578, 1
21245.39727, 1
21252.86875, 1
21260.34023, 1
21267.81172, 1
21275.2832, 1
21282.75469, 1
21290.22617, 1
21297.69766, 1
21305.16914, 1
21312.64063, 1
21320.11211, 1
21327.5832, 1
21335.05469, 1
21342.52617, 1
21349.99766, 1
21357.46914, 1
21364.94063, 1
21372.41211, 1
21379.88359, 1
21387.35508, 1
21394.82656, 1
21402.29805, 1
21409.76953, 1
21417.24102, 1
21424.7125, 1
21432.18398, 1
21439.65547, 1
21447.12695, 1
21454.59844, 1
21462.06953, 1
21469.54102, 1
21477.0125, 1
21484.48398, 1
21491.95547, 1
21499.42695, 1
21506.89844, 1
21514.36992, 1
21521.84141, 1
21529.31289, 1
21536.78438, 1
21544.25586, 1
21551.72734, 1
21559.19844, 1
21566.66992, 1
21574.14141, 1
21581.61289, 1
21589.08438, 1
21596.55586, 1
21604.02734, 1
21611.49883, 1
21618.97031, 1
21626.4418, 1
21633.91328, 1
21641.38477, 1
21648.85625, 1
21656.32773, 1
21663.79922, 1
21671.2707, 1
21678.74219, 1
21686.21367, 1
21693.68477, 1
21701.15625, 1
21708.62773, 1
21716.09922, 1
21723.5707, 1
21731.04219, 1
21738.51367, 1
21745.98516, 1
21753.45664, 1
21760.92813, 1
21768.39961, 1
21775.87109, 1
21783.34258, 1
21790.81406, 1
21798.28555, 1
21805.75703, 1
21813.22852, 1
21820.7, 1
21828.17109, 1
21835.64258, 1
21843.11406, 1
21850.58555, 1
21858.05703, 1
21865.52852, 1
21873, 1
21880.47148, 1
21887.94297, 1
21895.41445, 1
21902.88594, 1
21910.35742, 1
21917.82891, 1
21925.3, 1
21932.77148, 1
21940.24297, 1
21947.71445, 1
21955.18594, 1
21962.65742, 1
21970.12891, 1
21977.60039, 1
21985.07188, 1
21992.54336, 1
22000.01484, 1
22007.48633, 1
22014.95781, 1
22022.4293, 1
22029.90078, 1
22037.37227, 1
22044.84375, 1
22052.31523, 1
22059.78633, 1
22067.25781, 1
22074.7293, 1
22082.20078, 1
22089.67227, 1
22097.14375, 1
22104.61523, 1
22112.08672, 1
22119.5582, 1
22127.02969, 1
22134.50117, 1
22141.97266, 1
22149.44414, 1
22156.91563, 1
22164.38711, 1
22171.85859, 1
22179.33008, 1
22186.80156, 1
22194.27266, 1
22201.74414, 1
22209.21563, 1
22216.68711, 1
22224.15859, 1
22231.63008, 1
22239.10156, 1
22246.57305, 1
22254.04453, 1
22261.51602, 1
22268.9875, 1
22276.45898, 1
22283.93047, 1
22291.40156, 1
22298.87305, 1
22306.34453, 1
22313.81602, 1
22321.2875, 1
22328.75898, 1
22336.23047, 1
22343.70195, 1
22351.17344, 1
22358.64492, 1
22366.11641, 1
22373.58789, 1
22381.05938, 1
22388.53086, 1
22396.00234, 1
22403.47383, 1
22410.94531, 1
22418.4168, 1
22425.88789, 1
22433.35938, 1
22440.83086, 1
22448.30234, 1
22455.77383, 1
22463.24531, 1
