height(m)   overlap
3.750000, 1.288713E-6
11.221460, -2.187091E-7
18.692921, 4.561897E-5
26.164381, 7.135694E-5
33.635841, 1.086960E-4
41.107300, 1.542537E-4
48.578762, 2.101766E-4
56.050220, 2.883774E-4
63.521683, 4.341490E-4
70.993141, 5.814265E-4
78.464600, 8.070499E-4
85.936066, 1.108784E-3
93.407524, 1.484752E-3
100.878983, 1.951083E-3
108.350441, 2.487186E-3
115.821907, 3.136552E-3
123.293365, 3.854214E-3
130.764832, 4.758477E-3
138.236282, 5.809478E-3
145.707748, 6.953329E-3
153.179199, 8.298128E-3
160.650665, 9.449529E-3
168.122131, 1.127034E-2
175.593582, 1.310535E-2
183.065048, 1.565795E-2
190.536499, 1.803305E-2
198.007965, 2.072695E-2
205.479431, 2.483534E-2
212.950882, 2.847162E-2
220.422348, 3.339495E-2
227.893814, 4.125693E-2
235.365265, 4.947369E-2
242.836731, 6.008222E-2
250.308182, 7.366584E-2
257.779663, 9.187962E-2
265.251099, 1.156368E-1
272.722565, 1.439697E-1
280.194031, 1.819464E-1
287.665497, 2.329374E-1
295.136963, 2.963192E-1
302.608398, 3.712619E-1
310.079865, 4.647738E-1
317.551331, 5.520577E-1
325.022797, 6.336782E-1
332.494263, 6.982725E-1
339.965698, 7.589960E-1
347.437164, 8.090801E-1
354.908630, 8.397842E-1
362.380096, 8.712486E-1
369.851562, 8.919955E-1
377.322998, 9.089537E-1
384.794464, 9.197506E-1
392.265930, 9.264952E-1
399.737396, 9.374338E-1
407.208862, 9.414087E-1
414.680298, 9.482393E-1
422.151764, 9.482264E-1
429.623230, 9.532699E-1
437.094696, 9.626630E-1
444.566162, 9.597288E-1
452.037628, 9.660068E-1
459.509064, 9.738859E-1
466.980530, 9.667971E-1
474.451996, 9.721645E-1
481.923462, 9.753662E-1
489.394928, 9.711162E-1
496.866364, 9.742355E-1
504.337830, 9.765894E-1
511.809296, 9.874657E-1
519.280762, 9.800538E-1
526.752197, 9.937065E-1
534.223694, 9.814685E-1
541.695129, 9.854306E-1
549.166626, 9.905783E-1
556.638062, 9.903721E-1
564.109497, 9.900253E-1
571.580994, 9.865187E-1
579.052429, 9.915993E-1
586.523926, 9.778858E-1
593.995361, 9.942930E-1
601.466797, 9.979280E-1
608.938293, 1.001277E+0
616.409729, 9.927635E-1
623.881226, 9.930651E-1
631.352661, 9.948223E-1
638.824097, 1.000369E+0
646.295593, 9.970314E-1
653.767029, 9.873559E-1
661.238525, 9.998627E-1
668.709961, 9.968292E-1
676.181396, 9.936398E-1
683.652893, 9.922752E-1
691.124329, 1.007290E+0
698.595825, 9.969083E-1
706.067261, 9.922569E-1
713.538696, 1.009154E+0
721.010193, 1.007701E+0
728.481628, 1.000581E+0
735.953125, 9.936132E-1
743.424561, 9.977069E-1
750.895996, 1.003517E+0
758.367493, 1.010390E+0
765.838928, 1.006769E+0
773.310425, 1.001749E+0
780.781860, 1.010449E+0
788.253296, 1.000369E+0
795.724792, 9.901996E-1
803.196228, 1.004277E+0
810.667725, 1.001695E+0
818.139160, 9.929160E-1
825.610596, 9.906669E-1
833.082092, 1.007442E+0
840.553528, 1.012570E+0
848.025024, 1.001192E+0
855.496460, 1.002412E+0
862.967957, 1.002641E+0
870.439392, 1.006591E+0
877.910828, 1.013797E+0
885.382324, 9.988711E-1
892.853760, 9.985031E-1
900.325256, 1.010336E+0
907.796692, 9.970410E-1
915.268127, 9.907333E-1
922.739624, 1.004245E+0
930.211060, 1.009499E+0
937.682556, 1.002210E+0
945.153992, 9.993692E-1
952.625427, 1.012918E+0
960.096924, 1.001896E+0
967.568359, 1.008740E+0
975.039856, 9.953432E-1
982.511292, 1.003106E+0
989.982727, 1.009500E+0
997.454224, 9.989995E-1
1004.925659, 9.928053E-1
1012.397156, 9.974880E-1
1019.868591, 1.002236E+0
1027.340088, 1.011876E+0
1034.811523, 9.890987E-1
1042.282959, 1.002221E+0
1049.754395, 9.896617E-1
1057.225952, 1.011842E+0
1064.697388, 1.017676E+0
1072.168823, 9.996039E-1
1079.640259, 1.003257E+0
1087.111694, 1.005089E+0
1094.583252, 1.001054E+0
1102.054687, 1.003902E+0
1109.526123, 1.011930E+0
1116.997559, 9.781004E-1
1124.468994, 9.957376E-1
1131.940552, 9.977862E-1
1139.411987, 9.922175E-1
1146.883423, 9.836072E-1
1154.354858, 9.864231E-1
1161.826294, 9.806833E-1
1169.297852, 9.979058E-1
1176.769287, 9.865574E-1
1184.240723, 9.871598E-1
1191.712158, 9.989112E-1
1199.183594, 9.815294E-1
1206.655151, 9.740778E-1
1214.126587, 9.845912E-1
1221.598022, 9.986403E-1
1229.069458, 9.894177E-1
1236.540894, 9.898439E-1
1244.012451, 9.947763E-1
1251.483887, 9.842189E-1
1258.955322, 9.786901E-1
1266.426758, 9.869972E-1
1273.898193, 9.805847E-1
1281.369751, 9.671638E-1
1288.841187, 1.014010E+0
1296.312622, 9.926924E-1
1303.784058, 1.000514E+0
1311.255493, 1.010277E+0
1318.727051, 9.895231E-1
1326.198486, 9.786997E-1
1333.669922, 9.930920E-1
1341.141357, 9.883791E-1
1348.612793, 9.970205E-1
1356.084351, 1.009328E+0
1363.555786, 1.010599E+0
1371.027222, 1.007097E+0
1378.498657, 1.001783E+0
1385.970093, 9.730097E-1
1393.441650, 9.990863E-1
1400.913086, 9.861069E-1
1408.384521, 9.996531E-1
1415.855957, 9.905075E-1
1423.327393, 9.909145E-1
1430.798950, 1.016659E+0
1438.270386, 9.934846E-1
1445.741821, 9.943965E-1
1453.213257, 1.036551E+0
1460.684692, 9.963577E-1
1468.156250, 9.876910E-1
1475.627686, 1.015149E+0
1483.099121, 9.883210E-1
1490.570557, 1.022904E+0
1498.041992, 1.003760E+0
1505.513550, 1.002659E+0
1512.984985, 9.915343E-1
1520.456421, 9.955776E-1
1527.927856, 1.015192E+0
1535.399292, 1.003027E+0
1542.870850, 9.971469E-1
1550.342285, 9.921619E-1
1557.813721, 9.861621E-1
1565.285156, 9.723330E-1
1572.756592, 9.893715E-1
1580.228149, 1.001298E+0
1587.699585, 9.893723E-1
1595.171021, 9.983392E-1
1602.642456, 1.015555E+0
1610.113892, 1.020952E+0
1617.585449, 1.004887E+0
1625.056885, 9.991694E-1
1632.528320, 1.022027E+0
1639.999756, 9.946838E-1
1647.471191, 9.947421E-1
1654.942749, 9.743932E-1
1662.414185, 1.037173E+0
1669.885620, 9.757278E-1
1677.357056, 9.761979E-1
1684.828613, 9.734562E-1
1692.300049, 1.014194E+0
1699.771484, 1.015019E+0
1707.242920, 1.016346E+0
1714.714355, 9.936013E-1
1722.185913, 9.860812E-1
1729.657349, 9.943399E-1
1737.128784, 9.751353E-1
1744.600220, 9.776413E-1
1752.071655, 1.015675E+0
1759.543213, 9.972013E-1
1767.014648, 1.005566E+0
1774.486084, 9.610178E-1
1781.957520, 9.977642E-1
1789.428955, 1.016669E+0
1796.900513, 1.011267E+0
1804.371948, 9.837465E-1
1811.843384, 9.864309E-1
1819.314819, 1.021750E+0
1826.786255, 1.019252E+0
1834.257812, 9.885007E-1
1841.729248, 1.029764E+0
1849.200684, 9.926883E-1
1856.672119, 1.024240E+0
1864.143555, 9.992212E-1
1871.615112, 1.008027E+0
1879.086548, 9.968091E-1
1886.557983, 9.913607E-1
1894.029419, 9.957618E-1
1901.500854, 1.028447E+0
1908.972412, 9.621470E-1
1916.443848, 1.035814E+0
1923.915283, 1.007920E+0
1931.386719, 1.019007E+0
1938.858154, 9.869449E-1
1946.329712, 9.833897E-1
1953.801147, 9.898398E-1
1961.272583, 1.024234E+0
1968.744019, 1.007234E+0
1976.215454, 9.871633E-1
1983.687012, 9.872043E-1
1991.158447, 1.004360E+0
1998.629883, 9.853635E-1
2006.101318, 9.713147E-1
2013.572754, 9.952097E-1
2021.044312, 1.006585E+0
2028.515747, 1.007617E+0
2035.987183, 9.847707E-1
2043.458618, 9.656938E-1
2050.930176, 9.953295E-1
2058.401611, 9.938166E-1
2065.873047, 1.032965E+0
2073.344482, 1.011357E+0
2080.815918, 9.805032E-1
2088.287354, 1.022673E+0
2095.758789, 1.010930E+0
2103.230225, 9.989131E-1
2110.701904, 9.815095E-1
2118.173340, 1.024012E+0
2125.644775, 1.003063E+0
2133.116211, 1.018480E+0
2140.587646, 9.640037E-1
2148.059082, 9.930607E-1
2155.530518, 1.007915E+0
2163.001953, 9.952264E-1
2170.473389, 1.007874E+0
2177.944824, 1.037300E+0
2185.416504, 1.004357E+0
2192.887939, 9.914306E-1
2200.359375, 9.750210E-1
2207.830811, 9.895608E-1
2215.302246, 1.005185E+0
2222.773682, 1.001018E+0
2230.245117, 1.023776E+0
2237.716553, 1.016176E+0
2245.187988, 9.810266E-1
2252.659424, 9.660088E-1
2260.131104, 9.819992E-1
2267.602539, 9.991317E-1
2275.073975, 9.856440E-1
2282.545410, 1.034746E+0
2290.016846, 9.982537E-1
2297.488281, 1.026317E+0
2304.959717, 9.894384E-1
2312.431152, 9.711603E-1
2319.902588, 9.798240E-1
2327.374023, 9.975956E-1
2334.845703, 1.003164E+0
2342.317139, 9.956618E-1
2349.788574, 9.952353E-1
2357.260010, 9.991196E-1
2364.731445, 1.037248E+0
2372.202881, 1.011089E+0
2379.674316, 1.007654E+0
2387.145752, 1.003738E+0
2394.617187, 9.817228E-1
2402.088623, 1.003935E+0
2409.560303, 1.018260E+0
2417.031738, 9.995754E-1
2424.503174, 9.995652E-1
2431.974609, 9.556374E-1
2439.446045, 1.005297E+0
2446.917480, 1.010636E+0
2454.388916, 9.931320E-1
2461.860352, 9.805757E-1
2469.331787, 1.011542E+0
2476.803223, 9.723436E-1
2484.274902, 9.858481E-1
2491.746338, 1.035303E+0
2499.217773, 9.679032E-1
2506.689209, 1.002659E+0
2514.160645, 9.999124E-1
2521.632080, 1.024475E+0
2529.103516, 1.010529E+0
2536.574951, 9.977454E-1
2544.046387, 9.988889E-1
2551.517822, 1.019586E+0
2558.989502, 1.002542E+0
2566.460937, 1.003610E+0
2573.932373, 1.012937E+0
2581.403809, 9.994756E-1
2588.875244, 9.796433E-1
2596.346680, 1.015777E+0
2603.818115, 9.890043E-1
2611.289551, 9.887780E-1
2618.760986, 1.001211E+0
2626.232422, 9.643666E-1
2633.704102, 9.836392E-1
2641.175537, 9.537634E-1
2648.646973, 9.888747E-1
2656.118408, 1.017172E+0
2663.589844, 1.018029E+0
2671.061279, 9.594747E-1
2678.532715, 9.931150E-1
2686.004150, 1.019597E+0
2693.475586, 1.032581E+0
2700.947266, 1.019451E+0
2708.418701, 1.009316E+0
2715.890137, 1.009640E+0
2723.361572, 9.920692E-1
2730.833008, 1.008245E+0
2738.304443, 1.020017E+0
2745.775879, 9.943556E-1
2753.247314, 9.527767E-1
2760.718750, 1.014094E+0
2768.190186, 1.000760E+0
2775.661865, 9.959929E-1
2783.133301, 9.665308E-1
2790.604736, 1.019703E+0
2798.076172, 9.882196E-1
2805.547607, 9.902938E-1
2813.019043, 9.827685E-1
2820.490479, 1.019555E+0
2827.961914, 1.006008E+0
2835.433350, 1.002246E+0
2842.904785, 1.008023E+0
2850.376465, 1.032527E+0
2857.847900, 1.032729E+0
2865.319336, 1.018399E+0
2872.790771, 9.645002E-1
2880.262207, 1.010434E+0
2887.733643, 9.890053E-1
2895.205078, 1.036223E+0
2902.676514, 1.023093E+0
2910.147949, 1.003271E+0
2917.619385, 9.556092E-1
2925.091064, 9.922335E-1
2932.562500, 1.031226E+0
2940.033936, 1.004229E+0
2947.505371, 9.666258E-1
2954.976807, 9.723214E-1
2962.448242, 9.885880E-1
2969.919678, 9.772195E-1
2977.391113, 9.978026E-1
2984.862549, 9.687876E-1
2992.333984, 1.071449E+0
2999.805664, 1.032757E+0
3007.277100, 9.508004E-1
3014.748535, 9.781249E-1
3022.219971, 9.638972E-1
3029.691406, 9.889956E-1
3037.162842, 1.039968E+0
3044.634277, 9.877413E-1
3052.105713, 9.811908E-1
3059.577148, 1.016326E+0
3067.048584, 1.021466E+0
3074.520264, 1.042515E+0
3081.991699, 1.024016E+0
3089.463135, 1.025309E+0
3096.934570, 9.874262E-1
3104.406006, 1.011931E+0
3111.877441, 1.043952E+0
3119.348877, 1.007627E+0
3126.820312, 9.544513E-1
3134.291748, 9.701064E-1
3141.763184, 9.934110E-1
3149.234863, 9.779872E-1
3156.706299, 9.737026E-1
3164.177734, 9.128335E-1
3171.649170, 1.002884E+0
3179.120605, 9.952054E-1
3186.592041, 9.845343E-1
3194.063477, 1.016585E+0
3201.534912, 1.006117E+0
3209.006348, 9.994451E-1
3216.477783, 9.869910E-1
3223.949463, 9.583514E-1
3231.420898, 1.037866E+0
3238.892334, 1.060259E+0
3246.363770, 9.982567E-1
3253.835205, 9.675996E-1
3261.306641, 9.578149E-1
3268.778076, 9.512469E-1
3276.249512, 9.171653E-1
3283.720947, 9.930587E-1
3291.192383, 1.056091E+0
3298.664062, 9.766308E-1
3306.135498, 9.859316E-1
3313.606934, 9.855125E-1
3321.078369, 1.050645E+0
3328.549805, 9.995476E-1
3336.021240, 1.033866E+0
3343.492676, 1.001482E+0
3350.964111, 1.011547E+0
3358.435547, 9.914975E-1
3365.907227, 1.048418E+0
3373.378662, 1.067846E+0
3380.850098, 9.973194E-1
3388.321533, 9.859338E-1
3395.792969, 1.030764E+0
3403.264404, 9.665305E-1
3410.735840, 9.839987E-1
3418.207275, 9.378576E-1
3425.678711, 9.850584E-1
3433.150146, 1.038421E+0
3440.621826, 1.034333E+0
3448.093262, 9.962392E-1
3455.564697, 1.014288E+0
3463.036133, 1.033756E+0
3470.507568, 9.905861E-1
3477.979004, 1.013155E+0
3485.450439, 1.023639E+0
3492.921875, 1.018376E+0
3500.393311, 1.036350E+0
3507.864746, 9.616506E-1
3515.336426, 1.048322E+0
3522.807861, 1.003715E+0
3530.279297, 1.064693E+0
3537.750732, 9.902802E-1
3545.222168, 1.005759E+0
3552.693604, 9.434134E-1
3560.165039, 9.835111E-1
3567.636475, 9.477102E-1
3575.107910, 1.040452E+0
3582.579346, 1.008624E+0
3590.051025, 9.970426E-1
3597.522461, 1.034896E+0
3604.993896, 1.028587E+0
3612.465332, 1.032874E+0
3619.936768, 9.868109E-1
3627.408203, 9.198138E-1
3634.879639, 1.012052E+0
3642.351074, 9.655574E-1
3649.822510, 9.798995E-1
3657.293945, 9.867814E-1
3664.765625, 9.942614E-1
3672.237061, 1.025199E+0
3679.708496, 1.051034E+0
3687.179932, 9.991972E-1
3694.651367, 1.007925E+0
3702.122803, 9.925107E-1
3709.594238, 9.402500E-1
3717.065674, 1.002846E+0
3724.537109, 9.964907E-1
3732.008545, 1.022780E+0
3739.480225, 9.427541E-1
3746.951660, 1.019175E+0
3754.423096, 1.027812E+0
3761.894531, 1.027822E+0
3769.365967, 1.032899E+0
3776.837402, 1.125091E+0
3784.308838, 9.659146E-1
3791.780273, 9.342242E-1
3799.251709, 9.486767E-1
3806.723145, 1.043204E+0
3814.194824, 9.565198E-1
3821.666260, 1.061171E+0
3829.137695, 9.895933E-1
3836.609131, 9.900360E-1
3844.080566, 9.551254E-1
3851.552002, 9.589604E-1
3859.023437, 9.639572E-1
3866.494873, 9.992535E-1
3873.966309, 9.486252E-1
3881.437744, 1.035170E+0
3888.909424, 9.626614E-1
3896.380859, 9.479250E-1
3903.852295, 9.930517E-1
3911.323730, 9.946554E-1
3918.795166, 1.006956E+0
3926.266602, 1.020658E+0
3933.738037, 9.934903E-1
3941.209473, 9.850204E-1
3948.680908, 1.005005E+0
3956.152344, 9.851185E-1
3963.624023, 1.020927E+0
3971.095459, 1.015279E+0
3978.566895, 9.950382E-1
3986.038330, 1.076030E+0
3993.509766, 1.074977E+0
4000.981201, 1.014049E+0
4008.452637, 1.032636E+0
4015.924072, 1.031469E+0
4023.395508, 9.264479E-1
4030.867187, 1.006473E+0
4038.338623, 1.054045E+0
4045.810059, 9.551189E-1
4053.281494, 1.017161E+0
4060.752930, 1.052604E+0
4068.224365, 9.412884E-1
4075.695801, 1.000320E+0
4083.167236, 1.012530E+0
4090.638672, 9.784653E-1
4098.110352, 1.051120E+0
4105.581543, 9.724040E-1
4113.053223, 1.007779E+0
4120.524414, 9.742444E-1
4127.996094, 9.885087E-1
4135.467285, 1.025923E+0
4142.938965, 1.010835E+0
4150.410645, 9.884543E-1
4157.881836, 9.032186E-1
4165.353516, 1.012027E+0
4172.824707, 9.623020E-1
4180.296387, 9.887063E-1
4187.767578, 9.954740E-1
4195.239258, 9.622757E-1
4202.710449, 9.767250E-1
4210.182129, 9.350128E-1
4217.653809, 9.895283E-1
4225.125000, 9.703860E-1
4232.596680, 1.034677E+0
4240.067871, 1.075559E+0
4247.539551, 1.022300E+0
4255.010742, 1.066740E+0
4262.482422, 1.010294E+0
4269.953613, 9.623261E-1
4277.425293, 1.003765E+0
4284.896484, 9.418116E-1
4292.368164, 9.955062E-1
4299.839844, 1.011920E+0
4307.311035, 1.012124E+0
4314.782715, 1.058996E+0
4322.253906, 1.000947E+0
4329.725586, 1.031418E+0
4337.196777, 1.049967E+0
4344.668457, 1.017067E+0
4352.139648, 9.887778E-1
4359.611328, 1.068794E+0
4367.083008, 9.868816E-1
4374.554199, 9.957978E-1
4382.025879, 9.737214E-1
4389.497070, 9.464311E-1
4396.968750, 1.038767E+0
4404.439941, 9.459838E-1
4411.911621, 1.012596E+0
4419.382812, 9.324412E-1
4426.854492, 9.834007E-1
4434.325684, 9.602513E-1
4441.797363, 9.899682E-1
4449.269043, 1.016404E+0
4456.740234, 1.041949E+0
4464.211914, 1.010437E+0
4471.683105, 9.800427E-1
4479.154785, 1.026013E+0
4486.625977, 9.729218E-1
4494.097656, 9.955168E-1
4501.568848, 1.052516E+0
4509.040527, 9.291276E-1
4516.512207, 1.083597E+0
4523.983398, 1.011381E+0
4531.455078, 1.113564E+0
4538.926270, 9.950073E-1
4546.397949, 9.952535E-1
4553.869141, 9.807212E-1
4561.340820, 1.027166E+0
4568.812012, 1.126888E+0
4576.283691, 9.233240E-1
4583.754883, 1.027293E+0
4591.226562, 9.550609E-1
4598.698242, 1.004782E+0
4606.169434, 9.733728E-1
4613.641113, 9.455852E-1
4621.112305, 9.278267E-1
4628.583984, 9.948630E-1
4636.055176, 1.046417E+0
4643.526855, 1.006405E+0
4650.998047, 9.980447E-1
4658.469727, 1.032980E+0
4665.941406, 9.532655E-1
4673.412598, 1.105422E+0
4680.884277, 9.882177E-1
4688.355469, 9.383214E-1
4695.827148, 9.428128E-1
4703.298340, 1.006391E+0
4710.770020, 1.008492E+0
4718.241211, 9.834696E-1
4725.712891, 9.594931E-1
4733.184570, 1.037361E+0
4740.655762, 9.858680E-1
4748.127441, 9.426882E-1
4755.598633, 1.108338E+0
4763.070312, 9.399454E-1
4770.541504, 9.853941E-1
4778.013184, 1.124584E+0
4785.484375, 9.733506E-1
4792.956055, 9.855014E-1
4800.427246, 1.015839E+0
4807.898926, 9.440510E-1
4815.370605, 1.070297E+0
4822.841797, 1.032036E+0
4830.313477, 9.758915E-1
4837.784668, 9.955117E-1
4845.256348, 1.038126E+0
4852.727539, 9.576514E-1
4860.199219, 9.706020E-1
4867.670410, 9.736967E-1
4875.142090, 9.538473E-1
4882.613770, 9.952812E-1
4890.084961, 1.011178E+0
4897.556641, 9.847455E-1
4905.027832, 9.385761E-1
4912.499512, 1.099742E+0
4919.970703, 9.713705E-1
4927.442383, 1.054642E+0
4934.913574, 1.132046E+0
4942.385254, 9.783529E-1
4949.856445, 8.985846E-1
4957.328125, 1.056600E+0
4964.799805, 1.011753E+0
4972.270996, 8.634058E-1
4979.742676, 9.875028E-1
4987.213867, 1.076414E+0
4994.685547, 9.921190E-1
5002.156738, 1.043233E+0
5009.628418, 9.059797E-1
5017.099609, 9.890222E-1
5024.571289, 1.048176E+0
5032.042969, 9.108618E-1
5039.514160, 9.775492E-1
5046.985840, 1.023583E+0
5054.457031, 9.999820E-1
5061.928711, 1.082237E+0
5069.399902, 1.029514E+0
5076.871582, 9.361044E-1
5084.342773, 9.464684E-1
5091.814453, 1.065314E+0
5099.285645, 1.023059E+0
5106.757324, 9.680126E-1
5114.229004, 1.025008E+0
5121.700195, 9.966945E-1
5129.171875, 9.445116E-1
5136.643066, 9.755983E-1
5144.114746, 1.030135E+0
5151.585937, 1.026512E+0
5159.057617, 1.021267E+0
5166.528809, 9.828086E-1
5174.000488, 9.905934E-1
5181.472168, 9.331615E-1
5188.943359, 9.624521E-1
5196.415039, 9.653736E-1
5203.886230, 1.047464E+0
5211.357910, 1.041905E+0
5218.829102, 9.285886E-1
5226.300781, 1.056463E+0
5233.771973, 1.054167E+0
5241.243652, 1.082130E+0
5248.714844, 1.089105E+0
5256.186523, 1.003221E+0
5263.658203, 9.742055E-1
5271.129395, 9.714838E-1
5278.601074, 1.106502E+0
5286.072266, 9.551129E-1
5293.543945, 9.900442E-1
5301.015137, 9.575091E-1
5308.486816, 1.107438E+0
5315.958008, 1.067127E+0
5323.429687, 9.613791E-1
5330.901367, 1.038006E+0
5338.372559, 9.866992E-1
5345.844238, 9.354344E-1
5353.315430, 1.001749E+0
5360.787109, 1.107395E+0
5368.258301, 9.710848E-1
5375.729980, 1.014370E+0
5383.201172, 1.000294E+0
5390.672852, 1.062159E+0
5398.144531, 9.225316E-1
5405.615723, 1.009854E+0
5413.087402, 9.912856E-1
5420.558594, 1.030924E+0
5428.030273, 1.108067E+0
5435.501465, 9.265395E-1
5442.973145, 9.958214E-1
5450.444336, 1.037182E+0
5457.916016, 1.021978E+0
5465.387207, 9.961724E-1
5472.858887, 9.218501E-1
5480.330566, 8.773196E-1
5487.801758, 9.397832E-1
5495.273437, 1.023136E+0
5502.744629, 9.430405E-1
5510.216309, 1.023648E+0
5517.687500, 9.582387E-1
5525.159180, 9.057652E-1
5532.630371, 9.350590E-1
5540.102051, 1.027719E+0
5547.573730, 1.057522E+0
5555.044922, 9.146981E-1
5562.516602, 9.415878E-1
5569.987793, 1.077386E+0
5577.459473, 9.955899E-1
5584.930664, 1.045833E+0
5592.402344, 9.639774E-1
5599.873535, 1.031081E+0
5607.345215, 9.319955E-1
5614.816406, 9.848398E-1
5622.288086, 9.997151E-1
5629.759766, 1.059707E+0
5637.230957, 1.083798E+0
5644.702637, 1.011207E+0
5652.173828, 1.007457E+0
5659.645508, 9.585301E-1
5667.116699, 1.007476E+0
5674.588379, 1.007820E+0
5682.059570, 9.126038E-1
5689.531250, 9.976406E-1
5697.002930, 1.147443E+0
5704.474121, 1.013778E+0
5711.945801, 1.072726E+0
5719.416992, 1.101360E+0
5726.888672, 1.000911E+0
5734.359863, 9.529900E-1
5741.831543, 1.113586E+0
5749.302734, 1.077988E+0
5756.774414, 9.686639E-1
5764.245605, 1.163112E+0
5771.717285, 1.022058E+0
5779.188965, 1.054392E+0
5786.660156, 9.338967E-1
5794.131836, 9.143981E-1
5801.603027, 9.265681E-1
5809.074707, 1.072649E+0
5816.545898, 9.988671E-1
5824.017578, 1.101886E+0
5831.488770, 9.831413E-1
5838.960449, 9.467846E-1
5846.432129, 8.671009E-1
5853.903320, 9.891348E-1
5861.375000, 9.662837E-1
5868.846191, 9.836956E-1
5876.317871, 9.194993E-1
5883.789062, 9.507066E-1
5891.260742, 8.778119E-1
5898.731934, 9.802891E-1
5906.203613, 9.873722E-1
5913.674805, 9.964543E-1
5921.146484, 1.036186E+0
5928.618164, 9.259279E-1
5936.089355, 8.968473E-1
5943.561035, 1.016104E+0
5951.032227, 9.355712E-1
5958.503906, 9.726861E-1
5965.975098, 1.110738E+0
5973.446777, 1.056197E+0
5980.917969, 9.887972E-1
5988.389648, 9.460109E-1
5995.861328, 1.006037E+0
6003.332520, 9.730554E-1
6010.804199, 1.113938E+0
6018.275391, 9.950254E-1
6025.747070, 1.084106E+0
6033.218262, 1.131873E+0
6040.689941, 1.048404E+0
6048.161133, 1.081438E+0
6055.632812, 1.031384E+0
6063.104492, 1.063750E+0
6070.575684, 9.700215E-1
6078.047363, 1.218020E+0
6085.518555, 8.993947E-1
6092.990234, 9.212366E-1
6100.461426, 1.044065E+0
6107.933105, 1.051504E+0
6115.404297, 8.769592E-1
6122.875977, 1.014050E+0
6130.347168, 9.985876E-1
6137.818848, 1.121614E+0
6145.290527, 8.940934E-1
6152.761719, 9.872558E-1
6160.233398, 1.055631E+0
6167.704590, 9.635801E-1
6175.176270, 9.206937E-1
6182.647461, 1.088806E+0
6190.119141, 1.174226E+0
6197.590332, 9.574671E-1
6205.062012, 8.905480E-1
6212.533691, 1.039730E+0
6220.004883, 1.022185E+0
6227.476562, 8.859854E-1
6234.947754, 1.014875E+0
6242.419434, 8.456301E-1
6249.890625, 1.086749E+0
6257.362305, 9.310788E-1
6264.833496, 8.551837E-1
6272.305176, 1.013745E+0
6279.776367, 1.099315E+0
6287.248047, 1.135455E+0
6294.719727, 9.341951E-1
6302.190918, 9.313139E-1
6309.662598, 1.072779E+0
6317.133789, 1.059409E+0
6324.605469, 1.069922E+0
6332.076660, 1.166990E+0
6339.548340, 9.823049E-1
6347.019531, 9.805683E-1
6354.491211, 8.946122E-1
6361.962891, 9.117207E-1
6369.434082, 9.638746E-1
6376.905762, 9.793674E-1
6384.376953, 1.071919E+0
6391.848633, 1.042588E+0
6399.319824, 9.881423E-1
6406.791504, 8.836531E-1
6414.262695, 1.086156E+0
6421.734375, 9.988479E-1
6429.205566, 1.190998E+0
6436.677246, 9.283806E-1
6444.148926, 1.030943E+0
6451.620117, 9.579221E-1
6459.091797, 8.277830E-1
6466.562988, 1.028246E+0
6474.034668, 9.798336E-1
6481.505859, 8.819084E-1
6488.977539, 9.496845E-1
6496.448730, 8.876948E-1
6503.920410, 8.851965E-1
6511.392090, 1.107462E+0
6518.863281, 1.063989E+0
6526.334961, 1.062087E+0
6533.806152, 1.093974E+0
6541.277832, 9.603505E-1
6548.749023, 1.046321E+0
6556.220703, 1.014086E+0
6563.691895, 1.058608E+0
6571.163574, 9.764976E-1
6578.634766, 1.016334E+0
6586.106445, 1.128788E+0
6593.578125, 1.120880E+0
6601.049316, 8.039701E-1
6608.520996, 1.072337E+0
6615.992187, 1.093369E+0
6623.463867, 1.120573E+0
6630.935059, 8.663904E-1
6638.406738, 9.812384E-1
6645.877930, 9.960942E-1
6653.349609, 9.231757E-1
6660.821289, 1.058087E+0
6668.292480, 9.407016E-1
6675.764160, 1.057832E+0
6683.235352, 9.147329E-1
6690.707031, 1.089676E+0
6698.178223, 9.585047E-1
6705.649902, 1.100687E+0
6713.121094, 9.579889E-1
6720.592773, 9.866137E-1
6728.064453, 9.510374E-1
6735.535645, 9.913315E-1
6743.007324, 9.980488E-1
6750.478516, 9.546426E-1
6757.950195, 1.035709E+0
6765.421387, 1.135259E+0
6772.893066, 8.337272E-1
6780.364258, 1.011665E+0
6787.835937, 9.683505E-1
6795.307129, 1.070559E+0
6802.778809, 1.079410E+0
6810.250488, 1.031150E+0
6817.721680, 8.816719E-1
6825.193359, 1.132492E+0
6832.664551, 1.028421E+0
6840.136230, 1.012102E+0
6847.607422, 1.069486E+0
6855.079102, 1.041801E+0
6862.550293, 9.514444E-1
6870.021973, 9.941591E-1
6877.493652, 9.098112E-1
6884.964844, 9.327548E-1
6892.436523, 1.071941E+0
6899.907715, 1.014612E+0
6907.379395, 1.058165E+0
6914.850586, 9.526189E-1
6922.322266, 1.044801E+0
6929.793457, 8.827302E-1
6937.265137, 9.474770E-1
6944.736328, 1.139304E+0
6952.208008, 1.101447E+0
6959.679687, 9.845086E-1
6967.150879, 1.031499E+0
6974.622559, 8.427586E-1
6982.093750, 1.053282E+0
6989.565430, 9.490507E-1
6997.036621, 1.017738E+0
7004.508301, 9.854308E-1
7011.979492, 1.095831E+0
7019.451172, 1.018303E+0
7026.922852, 1.028360E+0
7034.394043, 1.025098E+0
7041.865723, 9.635968E-1
7049.336914, 1.128619E+0
7056.808594, 1.052639E+0
7064.279785, 8.859659E-1
7071.751465, 9.721182E-1
7079.222656, 1.086401E+0
7086.694336, 1.084494E+0
7094.165527, 8.775141E-1
7101.637207, 9.028262E-1
7109.108887, 8.844174E-1
7116.580078, 1.129431E+0
7124.051758, 1.074417E+0
7131.522949, 8.789973E-1
7138.994629, 1.028687E+0
7146.465820, 9.790800E-1
7153.937500, 1.275882E+0
7161.408691, 1.010467E+0
7168.880371, 1.048813E+0
7176.352051, 1.030705E+0
7183.823242, 8.771566E-1
7191.294922, 9.347886E-1
7198.766113, 9.241655E-1
7206.237793, 1.204515E+0
7213.708984, 9.482260E-1
7221.180664, 9.994824E-1
7228.651855, 1.052732E+0
7236.123535, 9.437523E-1
7243.594727, 9.628190E-1
7251.066406, 1.163384E+0
7258.538086, 1.109668E+0
7266.009277, 8.030294E-1
7273.480957, 9.951773E-1
7280.952148, 7.997053E-1
7288.423828, 9.743762E-1
7295.895020, 1.051682E+0
7303.366699, 9.821201E-1
7310.837891, 9.936591E-1
7318.309570, 1.082984E+0
7325.781250, 1.010356E+0
7333.252441, 8.783898E-1
7340.724121, 9.249642E-1
7348.195312, 1.183080E+0
7355.666992, 1.128669E+0
7363.138184, 1.037231E+0
7370.609863, 1.039717E+0
7378.081055, 1.036028E+0
7385.552734, 1.038342E+0
7393.024414, 1.164846E+0
7400.495605, 9.059080E-1
7407.967285, 9.084076E-1
7415.438477, 7.894744E-1
7422.910156, 8.618298E-1
7430.381348, 1.038632E+0
7437.853027, 1.058454E+0
7445.324219, 9.566658E-1
7452.795898, 9.145906E-1
7460.267090, 1.148003E+0
7467.738770, 9.381504E-1
7475.210449, 9.222846E-1
7482.681641, 1.168620E+0
7490.153320, 7.920955E-1
7497.624512, 9.743507E-1
7505.096191, 8.414537E-1
7512.567383, 9.422699E-1
7520.039062, 1.145129E+0
7527.510254, 1.165566E+0
7534.981934, 9.847923E-1
7542.453613, 1.144303E+0
7549.924805, 1.054297E+0
7557.396484, 8.986654E-1
7564.867676, 1.221268E+0
7572.339355, 8.740219E-1
7579.810547, 8.402355E-1
7587.282227, 1.266999E+0
7594.753418, 6.775348E-1
7602.225098, 1.163145E+0
7609.696289, 8.952865E-1
7617.167969, 1.020734E+0
7624.639648, 1.135231E+0
7632.110840, 1.045889E+0
7639.582520, 9.910770E-1
7647.053711, 9.740060E-1
7654.525391, 9.118340E-1
7661.996582, 1.160994E+0
7669.468262, 1.116951E+0
7676.939453, 1.072184E+0
7684.411133, 1.036480E+0
7691.882812, 8.957077E-1
7699.354004, 8.936630E-1
7706.825684, 7.998455E-1
7714.296875, 1.072720E+0
7721.768555, 1.267928E+0
7729.239746, 1.069326E+0
7736.711426, 1.051945E+0
7744.182617, 7.917330E-1
7751.654297, 1.048993E+0
7759.125488, 1.257414E+0
7766.597168, 1.114971E+0
7774.068848, 1.197464E+0
7781.540039, 9.945662E-1
7789.011719, 1.067288E+0
7796.482910, 1.120463E+0
7803.954590, 9.541052E-1
7811.425781, 1.155206E+0
7818.897461, 7.961963E-1
7826.368652, 9.520796E-1
7833.840332, 9.444629E-1
7841.312012, 9.085592E-1
7848.783203, 1.023562E+0
7856.254883, 9.237095E-1
7863.726074, 8.871439E-1
7871.197754, 1.065322E+0
7878.668945, 1.090613E+0
7886.140625, 8.339778E-1
7893.611816, 1.078813E+0
7901.083496, 8.934687E-1
7908.554687, 1.018430E+0
7916.026367, 1.159473E+0
7923.498047, 1.080204E+0
7930.969238, 8.501847E-1
7938.440918, 1.142613E+0
7945.912109, 9.528418E-1
7953.383789, 1.020992E+0
7960.854980, 1.154662E+0
7968.326660, 7.681922E-1
7975.797852, 1.021883E+0
7983.269531, 1.046766E+0
7990.741211, 9.092479E-1
7998.212402, 1.098535E+0
8005.684082, 1.343250E+0
8013.155273, 8.188429E-1
8020.626953, 9.761978E-1
8028.098145, 1.053560E+0
8035.569824, 1.068733E+0
8043.041016, 1.059949E+0
8050.512695, 7.836530E-1
8057.984375, 7.527398E-1
8065.455566, 1.036082E+0
8072.927246, 7.582230E-1
8080.398437, 1.020683E+0
8087.870117, 9.219702E-1
8095.341309, 1.016353E+0
8102.812988, 1.064228E+0
8110.284180, 1.297710E+0
8117.755859, 1.197695E+0
8125.227051, 1.049689E+0
8132.698730, 9.031825E-1
8140.170410, 8.666112E-1
8147.641602, 1.111789E+0
8155.113281, 8.718862E-1
8162.584473, 1.024895E+0
8170.056152, 9.242659E-1
8177.527344, 9.493906E-1
8184.999023, 9.627396E-1
8192.470703, 1.025716E+0
8199.941406, 9.561752E-1
8207.413086, 9.457974E-1
8214.884766, 1.234371E+0
8222.356445, 1.010246E+0
8229.828125, 1.073674E+0
8237.298828, 1.159629E+0
8244.770508, 8.752423E-1
8252.242187, 9.235617E-1
8259.713867, 1.212079E+0
8267.184570, 9.496943E-1
8274.656250, 1.014189E+0
8282.127930, 9.070047E-1
8289.599609, 1.116477E+0
8297.071289, 1.156164E+0
8304.541992, 8.534521E-1
8312.013672, 1.199748E+0
8319.485352, 9.561073E-1
8326.957031, 8.966455E-1
8334.427734, 1.208037E+0
8341.899414, 1.049231E+0
8349.371094, 7.676484E-1
8356.842773, 1.115372E+0
8364.314453, 9.404981E-1
8371.785156, 8.698756E-1
8379.256836, 8.213981E-1
8386.728516, 9.224657E-1
8394.200195, 1.026905E+0
8401.670898, 1.129177E+0
8409.142578, 1.019126E+0
8416.614258, 1.023234E+0
8424.085937, 1.316354E+0
8431.557617, 8.385286E-1
8439.028320, 1.120523E+0
8446.500000, 7.785790E-1
8453.971680, 1.024964E+0
8461.443359, 1.026870E+0
8468.914062, 1.076311E+0
8476.385742, 1.235668E+0
8483.857422, 1.263911E+0
8491.329102, 1.152297E+0
8498.799805, 9.089619E-1
8506.271484, 9.628517E-1
8513.743164, 1.045884E+0
8521.214844, 6.419867E-1
8528.686523, 1.039136E+0
8536.157227, 8.576293E-1
8543.628906, 8.724804E-1
8551.100586, 1.153594E+0
8558.572266, 9.446311E-1
8566.042969, 9.996584E-1
8573.514648, 1.004300E+0
8580.986328, 9.120666E-1
8588.458008, 1.155498E+0
8595.929687, 1.088709E+0
8603.400391, 1.251927E+0
8610.872070, 8.099272E-1
8618.343750, 9.340778E-1
8625.815430, 1.138655E+0
8633.286133, 8.971105E-1
8640.757812, 9.545159E-1
8648.229492, 1.242797E+0
8655.701172, 1.179383E+0
8663.172852, 9.338568E-1
8670.643555, 9.904421E-1
8678.115234, 1.021878E+0
8685.586914, 9.818501E-1
8693.058594, 9.003131E-1
8700.529297, 9.459911E-1
8708.000977, 8.224138E-1
8715.472656, 1.133546E+0
8722.944336, 1.079956E+0
8730.416016, 9.967857E-1
8737.886719, 9.104582E-1
8745.358398, 9.420175E-1
8752.830078, 8.586932E-1
8760.301758, 9.190004E-1
8767.772461, 1.076204E+0
8775.244141, 1.077896E+0
8782.715820, 1.082538E+0
8790.187500, 9.556028E-1
8797.659180, 9.991350E-1
8805.129883, 1.059357E+0
8812.601562, 8.882617E-1
8820.073242, 9.035214E-1
8827.544922, 1.107582E+0
8835.015625, 9.932252E-1
8842.487305, 9.942058E-1
8849.958984, 1.128427E+0
8857.430664, 8.834244E-1
8864.901367, 1.204836E+0
8872.373047, 7.859763E-1
8879.844727, 1.151114E+0
8887.316406, 1.223975E+0
8894.788086, 8.752169E-1
8902.258789, 1.124386E+0
8909.730469, 1.098273E+0
8917.202148, 8.509359E-1
8924.673828, 7.784104E-1
8932.144531, 1.017125E+0
8939.616211, 9.737899E-1
8947.087891, 1.152019E+0
8954.559570, 1.127279E+0
8962.031250, 1.024673E+0
8969.501953, 9.369489E-1
8976.973633, 8.658176E-1
8984.445312, 1.060985E+0
8991.916992, 1.047606E+0
8999.387695, 8.859880E-1
9006.859375, 1.007308E+0
9014.331055, 1.386702E+0
9021.802734, 1.089315E+0
9029.274414, 7.577331E-1
9036.745117, 1.077184E+0
9044.216797, 9.565206E-1
9051.688477, 8.666058E-1
9059.160156, 9.296538E-1
9066.630859, 9.331295E-1
9074.102539, 1.195142E+0
9081.574219, 1.170152E+0
9089.045898, 1.341861E+0
9096.517578, 1.112588E+0
9103.988281, 8.543069E-1
9111.459961, 9.961918E-1
9118.931641, 1.060694E+0
9126.403320, 7.526660E-1
9133.874023, 1.147542E+0
9141.345703, 9.901671E-1
9148.817383, 1.089168E+0
9156.289062, 1.076177E+0
9163.759766, 1.031212E+0
9171.231445, 8.773363E-1
9178.703125, 1.007267E+0
9186.174805, 1.105804E+0
9193.646484, 1.112011E+0
9201.117187, 9.528568E-1
9208.588867, 1.132955E+0
9216.060547, 9.601408E-1
9223.532227, 1.011206E+0
9231.002930, 9.487781E-1
9238.474609, 9.044029E-1
9245.946289, 9.069131E-1
9253.417969, 9.398218E-1
9260.889648, 9.609312E-1
9268.360352, 1.096361E+0
9275.832031, 1.099540E+0
9283.303711, 1.138904E+0
9290.775391, 1.007576E+0
9298.246094, 6.567174E-1
9305.717773, 9.318437E-1
9313.189453, 9.174647E-1
9320.661133, 1.159111E+0
9328.132812, 1.131179E+0
9335.603516, 1.271272E+0
9343.075195, 8.958890E-1
9350.546875, 1.108349E+0
9358.018555, 1.162966E+0
9365.489258, 9.588262E-1
9372.960937, 9.446992E-1
9380.432617, 9.445540E-1
9387.904297, 6.997195E-1
9395.375977, 1.019648E+0
9402.846680, 1.074633E+0
9410.318359, 8.822614E-1
9417.790039, 1.187566E+0
9425.261719, 5.857286E-1
9432.732422, 1.119767E+0
9440.204102, 1.089138E+0
9447.675781, 8.402547E-1
9455.147461, 1.540874E+0
9462.619141, 9.353472E-1
9470.089844, 1.080878E+0
9477.561523, 8.839654E-1
9485.033203, 1.142375E+0
9492.504883, 1.181139E+0
9499.975586, 8.011072E-1
9507.447266, 9.701682E-1
9514.918945, 9.722580E-1
9522.390625, 8.641191E-1
9529.861328, 8.874137E-1
9537.333008, 1.112150E+0
9544.804687, 7.803339E-1
9552.276367, 1.045931E+0
9559.748047, 1.348687E+0
9567.218750, 9.387176E-1
9574.690430, 9.243116E-1
9582.162109, 1.017576E+0
9589.633789, 7.743602E-1
9597.104492, 1.099509E+0
9604.576172, 1.046885E+0
9612.047852, 1.049373E+0
9619.519531, 9.779995E-1
9626.991211, 1.309976E+0
9634.461914, 9.275569E-1
9641.933594, 9.910586E-1
9649.405273, 1.442966E+0
9656.876953, 8.796601E-1
9664.347656, 1.256745E+0
9671.819336, 1.280894E+0
9679.291016, 1.066167E+0
9686.762695, 7.912648E-1
9694.234375, 1.332602E+0
9701.705078, 1.135956E+0
9709.176758, 8.387808E-1
9716.648437, 1.185014E+0
9724.120117, 1.388907E+0
9731.590820, 1.028635E+0
9739.062500, 9.329344E-1
9746.534180, 9.311026E-1
9754.005859, 8.924546E-1
9761.477539, 8.557558E-1
9768.948242, 1.185067E+0
9776.419922, 4.706351E-1
9783.891602, 1.128051E+0
9791.363281, 9.680136E-1
9798.833984, 8.661399E-1
9806.305664, 7.639911E-1
9813.777344, 9.333184E-1
9821.249023, 8.305133E-1
9828.719727, 8.729909E-1
9836.191406, 1.211541E+0
9843.663086, 1.067457E+0
9851.134766, 9.648808E-1
9858.606445, 1.350136E+0
9866.077148, 9.302305E-1
9873.548828, 8.472502E-1
9881.020508, 9.574659E-1
9888.492187, 9.816622E-1
9895.962891, 1.090762E+0
9903.434570, 7.524936E-1
9910.906250, 6.019387E-1
9918.377930, 9.032142E-1
9925.849609, 1.295740E+0
9933.320312, 9.537600E-1
9940.791992, 1.173135E+0
9948.263672, 8.925015E-1
9955.735352, 1.313800E+0
9963.206055, 1.207005E+0
9970.677734, 1.033698E+0
9978.149414, 9.733239E-1
9985.621094, 1.219220E+0
9993.092773, 1.021472E+0
10000.563477, 9.808465E-1
10008.035156, 8.493185E-1
10015.506836, 1.275206E+0
10022.978516, 9.845828E-1
10030.449219, 1.164416E+0
10037.920898, 9.856875E-1
10045.392578, 1.299625E+0
10052.864258, 1.079361E+0
10060.335937, 8.768317E-1
10067.806641, 1.102014E+0
10075.278320, 1.400367E+0
10082.750000, 9.943228E-1
10090.221680, 1.108184E+0
10097.692383, 9.967396E-1
10105.164062, 1.091911E+0
10112.635742, 1.138997E+0
10120.107422, 9.806228E-1
10127.579102, 6.163979E-1
10135.049805, 5.257497E-1
10142.521484, 1.352488E+0
10149.993164, 8.744797E-1
10157.464844, 1.152147E+0
10164.935547, 1.246033E+0
10172.407227, 7.188816E-1
10179.878906, 8.358852E-1
10187.350586, 1.045869E+0
10194.821289, 1.188464E+0
10202.292969, 1.238511E+0
10209.764648, 7.246867E-1
10217.236328, 1.029205E+0
10224.708008, 6.814027E-1
10232.178711, 1.247146E+0
10239.650391, 8.482124E-1
10247.122070, 8.015585E-1
10254.593750, 8.261217E-1
10262.064453, 9.452917E-1
10269.536133, 8.784277E-1
10277.007812, 8.796001E-1
10284.479492, 1.475779E+0
10291.951172, 1.074178E+0
10299.421875, 1.293883E+0
10306.893555, 1.319748E+0
10314.365234, 8.411117E-1
10321.836914, 1.134986E+0
10329.307617, 1.113532E+0
10336.779297, 1.018174E+0
10344.250977, 1.606471E+0
10351.722656, 8.017614E-1
10359.194336, 5.837096E-1
10366.665039, 9.985957E-1
10374.136719, 1.003872E+0
10381.608398, 1.103576E+0
10389.080078, 9.084524E-1
10396.550781, 7.393317E-1
10404.022461, 9.130497E-1
10411.494141, 1.086106E+0
10418.965820, 1.583063E+0
10426.437500, 1.016120E+0
10433.908203, 9.418442E-1
10441.379883, 1.189826E+0
10448.851562, 8.705335E-1
10456.323242, 8.717069E-1
10463.793945, 7.720908E-1
10471.265625, 1.469131E+0
10478.737305, 1.621527E+0
10486.208984, 7.984617E-1
10493.679687, 1.572924E+0
10501.151367, 1.203646E+0
10508.623047, 9.784084E-1
10516.094727, 1.029192E+0
10523.566406, 7.293630E-1
10531.037109, 1.135931E+0
10538.508789, 1.010832E+0
10545.980469, 1.012132E+0
10553.452148, 9.919435E-1
10560.922852, 9.422418E-1
10568.394531, 9.179466E-1
10575.866211, 6.919901E-1
10583.337891, 8.178797E-1
10590.809570, 9.982708E-1
10598.280273, 8.200892E-1
10605.751953, 8.501258E-1
10613.223633, 1.005908E+0
10620.695312, 1.032502E+0
10628.166016, 1.269204E+0
10635.637695, 9.869269E-1
10643.109375, 7.540346E-1
10650.581055, 1.041250E+0
10658.052734, 7.585298E-1
10665.523437, 8.638783E-1
10672.995117, 8.910334E-1
10680.466797, 1.501063E+0
10687.938477, 1.213282E+0
10695.409180, 1.294192E+0
10702.880859, 1.081330E+0
10710.352539, 1.086056E+0
10717.824219, 7.697261E-1
10725.295898, 1.063855E+0
10732.766602, 1.604836E+0
10740.238281, 9.911445E-1
10747.709961, 8.313838E-1
10755.181641, 7.784964E-1
10762.652344, 1.052104E+0
10770.124023, 1.350090E+0
10777.595703, 1.135168E+0
10785.067383, 1.139286E+0
10792.539062, 9.239503E-1
10800.009766, 9.515344E-1
10807.481445, 5.991548E-1
10814.953125, 1.171344E+0
10822.424805, 8.973629E-1
10829.895508, 9.521066E-1
10837.367187, 8.742998E-1
10844.838867, 1.094344E+0
10852.310547, 1.424085E+0
10859.781250, 1.014122E+0
10867.252930, 9.898945E-1
10874.724609, 1.103325E+0
10882.196289, 1.353461E+0
10889.667969, 8.856407E-1
10897.138672, 7.511574E-1
10904.610352, 1.226236E+0
10912.082031, 1.172316E+0
10919.553711, 5.604221E-1
10927.024414, 8.717975E-1
10934.496094, 1.098693E+0
10941.967773, 1.070405E+0
10949.439453, 8.198192E-1
10956.911133, 1.192597E+0
10964.381836, 9.686032E-1
10971.853516, 1.433615E+0
10979.325195, 7.771409E-1
10986.796875, 8.083852E-1
10994.267578, 9.266541E-1
11001.739258, 7.865611E-1
11009.210937, 1.227799E+0
11016.682617, 1.172154E+0
11024.154297, 8.518384E-1
11031.625000, 1.448790E+0
11039.096680, 1.274544E+0
11046.568359, 1.217952E+0
11054.040039, 1.225288E+0
11061.510742, 1.043107E+0
11068.982422, 1.194412E+0
11076.454102, 1.047136E+0
11083.925781, 9.027447E-1
11091.397461, 1.235632E+0
11098.868164, 1.086326E+0
11106.339844, 5.739669E-1
11113.811523, 1.305585E+0
11121.283203, 6.077283E-1
11128.753906, 1.125610E+0
11136.225586, 6.403279E-1
11143.697266, 1.254914E+0
11151.168945, 9.188934E-1
11158.639648, 8.277412E-1
11166.111328, 7.976589E-1
11173.583008, 1.074342E+0
11181.054687, 1.013314E+0
11188.526367, 1.197809E+0
11195.997070, 1.234164E+0
11203.468750, 1.142082E+0
11210.940430, 1.019317E+0
11218.412109, 9.603535E-1
11225.882812, 1.273863E+0
11233.354492, 2.485379E-1
11240.826172, 6.223311E-1
11248.297852, 8.442230E-1
11255.769531, 1.252448E+0
11263.240234, 1.410106E+0
11270.711914, 1.348717E+0
11278.183594, 9.777830E-1
11285.655273, 8.842079E-1
11293.125977, 1.011347E+0
11300.597656, 1.075841E+0
11308.069336, 7.309168E-1
11315.541016, 1.271981E+0
11323.012695, 8.897518E-1
11330.483398, 9.499356E-1
11337.955078, 1.081629E+0
11345.426758, 1.272731E+0
11352.898437, 1.081517E+0
11360.369141, 9.882927E-1
11367.840820, 9.897613E-1
11375.312500, 1.372582E+0
11382.784180, 7.655514E-1
11390.255859, 1.150451E+0
11397.726562, 1.407989E+0
11405.198242, 1.055285E+0
11412.669922, 1.118395E+0
11420.141602, 1.347296E+0
11427.612305, 8.012896E-1
11435.083984, 1.345472E+0
11442.555664, 1.088531E+0
11450.027344, 7.053808E-1
11457.499023, 1.056722E+0
11464.969727, 1.057020E+0
11472.441406, 1.379069E+0
11479.913086, 9.668923E-1
11487.384766, 5.159661E-1
11494.855469, 1.032951E+0
11502.327148, 7.127088E-1
11509.798828, 1.039049E+0
11517.270508, 9.423093E-1
11524.741211, 1.073351E+0
11532.212891, 1.210498E+0
11539.684570, 8.842565E-1
11547.156250, 1.147878E+0
11554.627930, 9.861426E-1
11562.098633, 6.278227E-1
11569.570312, 5.980175E-1
11577.041992, 1.362027E+0
11584.513672, 1.597079E+0
11591.984375, 1.239919E+0
11599.456055, 1.277176E+0
11606.927734, 1.314558E+0
11614.399414, 1.250717E+0
11621.871094, 9.880003E-1
11629.341797, 7.180075E-1
11636.813477, 1.476044E+0
11644.285156, 8.959792E-1
11651.756836, 9.733168E-1
11659.227539, 6.629585E-1
11666.699219, 1.191269E+0
11674.170898, 1.195950E+0
11681.642578, 1.135279E+0
11689.114258, 7.476480E-1
11696.584961, 1.173849E+0
11704.056641, 9.652547E-1
11711.528320, 1.260255E+0
11719.000000, 1.409118E+0
11726.470703, 9.060714E-1
11733.942383, 1.492273E+0
11741.414062, 4.028137E-1
11748.885742, 1.175909E+0
11756.357422, 1.068499E+0
11763.828125, 5.542347E-1
11771.299805, 1.602798E+0
11778.771484, 1.309436E+0
11786.243164, 1.013647E+0
11793.713867, 9.771232E-1
11801.185547, 9.078275E-1
11808.657227, 7.595703E-1
11816.128906, 8.009300E-1
11823.599609, 7.280793E-1
11831.071289, 1.738872E+0
11838.542969, 1.319163E+0
11846.014648, 7.014128E-1
11853.486328, 7.848346E-1
11860.957031, 7.903387E-1
11868.428711, 1.270314E+0
11875.900391, 1.435659E+0
11883.372070, 6.413320E-1
11890.842773, 1.214324E+0
11898.314453, 1.260878E+0
11905.786133, 8.962366E-1
11913.257812, 6.950020E-1
11920.729492, 8.238102E-1
11928.200195, 1.116428E+0
11935.671875, 7.052110E-1
11943.143555, 1.623897E+0
11950.615234, 7.130442E-1
11958.085937, 1.135709E+0
11965.557617, 1.011961E+0
11973.029297, 1.141299E+0
11980.500977, 1.405252E+0
11987.972656, 9.389159E-1
11995.443359, 7.697800E-1
12002.915039, 1.371455E+0
12010.386719, 9.489922E-1
12017.858398, 1.548353E+0
12025.329102, 7.321898E-1
12032.800781, 1.164577E+0
12040.272461, 1.084692E+0
12047.744141, 1.259052E+0
12055.215820, 4.341996E-1
12062.686523, 8.696623E-1
12070.158203, 9.184758E-1
12077.629883, 1.138459E+0
12085.101562, 6.134300E-1
12092.572266, 1.490885E+0
12100.043945, 7.923077E-1
12107.515625, 1.277991E+0
12114.987305, 1.057773E+0
12122.458984, 1.719863E+0
12129.929687, 3.527707E-1
12137.401367, 7.951191E-1
12144.873047, 9.729064E-1
12152.344727, 9.291072E-1
12159.815430, 1.283883E+0
12167.287109, 8.016608E-1
12174.758789, 1.248811E+0
12182.230469, 5.354774E-1
12189.701172, 1.697371E+0
12197.172852, 8.531357E-1
12204.644531, 7.634430E-1
12212.116211, 7.634139E-1
12219.587891, 1.527158E+0
12227.058594, 8.577800E-1
12234.530273, 1.807223E+0
12242.001953, 9.489325E-1
12249.473633, 1.175309E+0
12256.944336, 1.266311E+0
12264.416016, 1.040115E+0
12271.887695, 1.040328E+0
12279.359375, 7.234955E-1
12286.831055, 1.359266E+0
12294.301758, 1.089210E+0
12301.773437, 1.541036E+0
12309.245117, 6.336104E-1
12316.716797, 9.046410E-1
12324.187500, 1.226648E+0
12331.659180, 9.075333E-1
12339.130859, 1.631708E+0
12346.602539, 7.239133E-1
12354.074219, 1.090165E+0
12361.544922, 8.618723E-1
12369.016602, 1.042284E+0
12376.488281, 1.132065E+0
12383.959961, 1.180898E+0
12391.430664, 1.181337E+0
12398.902344, 6.807646E-1
12406.374023, 9.977500E-1
12413.845703, 6.812029E-1
12421.317383, 1.183106E+0
12428.788086, 6.361330E-1
12436.259766, 8.594814E-1
12443.731445, 1.398397E+0
12451.203125, 5.435827E-1
12458.673828, 7.244441E-1
12466.145508, 1.357941E+0
12473.617187, 1.266788E+0
12481.088867, 8.617685E-1
12488.559570, 1.272373E+0
12496.031250, 1.363510E+0
12503.502930, 6.815591E-1
12510.974609, 1.091782E+0
12518.446289, 6.855914E-1
12525.916992, 1.190168E+0
12533.388672, 1.191720E+0
12540.860352, 1.055331E+0
12548.332031, 1.246927E+0
12555.802734, 7.396871E-1
12563.274414, 9.721358E-1
12570.746094, 1.714152E+0
12578.217773, 1.302772E+0
12585.689453, 1.257105E+0
12593.160156, 1.256486E+0
12600.631836, 5.581253E-1
12608.103516, 7.441792E-1
12615.575195, 1.214554E+0
12623.045898, 8.869882E-1
12630.517578, 1.539988E+0
12637.989258, 1.026040E+0
12645.460937, 6.091021E-1
12652.932617, 8.428574E-1
12660.403320, 1.310357E+0
12667.875000, 1.029037E+0
12675.346680, 1.356942E+0
12682.818359, 9.418781E-1
12690.289062, 1.272884E+0
12697.760742, 8.524728E-1
12705.232422, 1.137003E+0
12712.704102, 9.967606E-1
12720.175781, 1.095943E+0
12727.646484, 1.144068E+0
12735.118164, 9.061158E-1
12742.589844, 9.066810E-1
12750.061523, 1.537092E+0
12757.532227, 6.247772E-1
12765.003906, 1.251452E+0
12772.475586, 1.108858E+0
12779.947266, 4.847086E-1
12787.418945, 1.265245E+0
12794.889648, 1.368532E+0
12802.361328, 6.360529E-1
12809.833008, 5.388364E-1
12817.304687, 8.881429E-1
12824.775391, 9.886110E-1
12832.247070, 1.286239E+0
12839.718750, 5.430433E-1
12847.190430, 7.933159E-1
12854.661133, 1.295624E+0
12862.132812, 1.996547E+0
12869.604492, 1.350484E+0
12877.076172, 1.806526E+0
12884.547852, 1.108958E+0
12892.018555, 5.070341E-1
12899.490234, 1.474284E+0
12906.961914, 1.782492E+0
12914.433594, 9.693271E-1
12921.904297, 8.225205E-1
12929.375977, 1.030288E+0
12936.847656, 1.135571E+0
12944.319336, 1.189735E+0
12951.791016, 7.254496E-1
12959.261719, 9.921795E-1
12966.733398, 2.612021E-1
12974.205078, 6.805649E-1
12981.676758, 1.939385E+0
12989.147461, 1.739329E+0
12996.619141, 9.502920E-1
13004.090820, 1.004308E+0
13011.562500, 1.111701E+0
13019.034180, 1.007236E+0
13026.504883, 1.013463E+0
13033.976562, 1.175554E+0
13041.448242, 1.016416E+0
13048.919922, 8.033492E-1
13056.390625, 1.019328E+0
13063.862305, 9.722142E-1
13071.333984, 1.785884E+0
13078.805664, 1.246846E+0
13086.277344, 7.604336E-1
13093.748047, 5.449781E-1
13101.219727, 1.428833E+0
13108.691406, 7.160248E-1
13116.163086, 8.833978E-1
13123.633789, 1.273276E+0
13131.105469, 1.059360E+0
13138.577148, 1
13146.048828, 1
13153.519531, 1
13160.991211, 1
13168.462891, 1
13175.934570, 1
13183.406250, 1
13190.876953, 1
13198.348633, 1
13205.820312, 1
13213.291992, 1
13220.762695, 1
13228.234375, 1
13235.706055, 1
13243.177734, 1
13250.649414, 1
13258.120117, 1
13265.591797, 1
13273.063477, 1
13280.535156, 1
13288.005859, 1
13295.477539, 1
13302.949219, 1
13310.420898, 1
13317.892578, 1
13325.363281, 1
13332.834961, 1
13340.306641, 1
13347.778320, 1
13355.249023, 1
13362.720703, 1
13370.192383, 1
13377.664062, 1
13385.135742, 1
13392.606445, 1
13400.078125, 1
13407.549805, 1
13415.021484, 1
13422.492187, 1
